$SPEC_ID:
No sample description was entered.
$SPEC_REM:
DET# 2
DETDESC# RoofTopBEGE
AP# GammaVision Version 6.09
$DATE_MEA:
03-02-2026 13:50:34
$MEAS_TIM:
3600.0 3600.0
$DATA:
1 8192
     138
     316
   12954
   24640
   10284
    3777
     380
     549
    1226
    1780
    1910
    1873
    1866
    1767
    1651
    1310
    1400
    1321
     710
     609
     610
     482
     422
     421
     434
     407
     405
     343
     341
     372
     226
     236
     217
     238
     214
     184
     236
     221
     208
     215
     206
     219
     209
     226
     185
     186
     164
     183
     185
     179
     191
     189
     176
     196
     155
     163
     165
     173
     178
     167
     158
     165
     174
     158
     170
     163
     177
     154
     159
     161
     174
     157
     156
     153
     143
     139
     146
     157
     138
     153
     151
     138
     159
     139
     138
     145
     148
     149
     160
     140
     129
     149
     156
     137
     140
     141
     169
     135
     136
     152
     127
     143
     134
     142
     128
     150
     144
     151
     161
     127
     126
     101
     137
     129
     142
     123
     153
     153
     134
     127
     147
     134
     129
     144
     146
     121
     120
     136
     161
     162
     157
     130
     151
     140
     133
     135
     141
     129
     149
     165
     155
     149
     162
     139
     151
     152
     159
     156
     153
     159
     150
     169
     170
     160
     162
     167
     175
     149
     146
     159
     169
     153
     172
     150
     189
     180
     209
     191
     185
     224
     296
     479
     415
     260
     205
     207
     187
     205
     207
     184
     205
     207
     193
     184
     185
     203
     204
     201
     208
     242
     249
     213
     217
     185
     196
     223
     209
     215
     224
     211
     205
     248
     242
     228
     217
     208
     243
     218
     238
     251
     225
     230
     242
     256
     246
     259
     267
     271
     276
     266
     236
     270
     239
     292
     292
     285
     282
     278
     264
     270
     273
     323
     282
     336
     280
     288
     260
     268
     266
     278
     298
     299
     267
     276
     272
     293
     291
     300
     297
     287
     290
     314
     306
     289
     298
     309
     315
     315
     308
     306
     308
     319
     321
     339
     324
     307
     287
     311
     305
     328
     323
     289
     314
     326
     319
     327
     312
     360
     367
     351
     326
     323
     309
     310
     333
     304
     326
     273
     301
     300
     299
     335
     310
     324
     335
     294
     333
     313
     314
     312
     320
     336
     332
     339
     333
     307
     354
     328
     309
     320
     318
     303
     334
     359
     309
     319
     333
     312
     334
     304
     319
     316
     334
     326
     309
     294
     346
     337
     314
     325
     328
     319
     319
     275
     320
     292
     315
     334
     355
     332
     277
     309
     304
     332
     320
     319
     300
     291
     312
     346
     355
     276
     317
     296
     295
     285
     315
     314
     322
     318
     318
     335
     284
     295
     283
     294
     332
     323
     306
     298
     299
     294
     320
     288
     288
     323
     315
     349
     299
     286
     293
     292
     317
     306
     302
     288
     313
     300
     279
     274
     331
     309
     283
     321
     294
     287
     286
     280
     298
     293
     265
     286
     261
     295
     298
     264
     294
     253
     292
     264
     286
     294
     289
     308
     268
     251
     287
     266
     252
     261
     272
     298
     281
     263
     269
     260
     252
     248
     245
     284
     279
     252
     268
     269
     234
     280
     247
     282
     217
     236
     259
     221
     244
     248
     260
     249
     235
     270
     247
     238
     214
     245
     256
     236
     214
     224
     236
     224
     235
     252
     197
     226
     210
     245
     275
     216
     246
     228
     217
     246
     239
     253
     254
     237
     273
     261
     221
     207
     221
     228
     231
     218
     218
     212
     212
     217
     212
     228
     201
     221
     223
     219
     205
     219
     204
     212
     204
     191
     235
     177
     216
     242
     199
     189
     194
     211
     192
     203
     188
     201
     186
     199
     192
     200
     204
     214
     196
     177
     185
     200
     214
     192
     218
     203
     174
     204
     211
     175
     190
     191
     178
     186
     194
     177
     193
     187
     181
     190
     192
     189
     157
     172
     193
     189
     188
     170
     178
     170
     168
     165
     145
     176
     158
     173
     163
     154
     181
     213
     197
     193
     167
     194
     166
     169
     147
     161
     172
     198
     166
     179
     159
     180
     165
     139
     163
     149
     174
     167
     157
     160
     133
     166
     167
     152
     136
     158
     148
     182
     149
     181
     163
     147
     157
     152
     143
     146
     154
     151
     138
     162
     146
     140
     139
     142
     124
     140
     144
     150
     144
     147
     150
     139
     139
     144
     134
     140
     126
     144
     154
     121
     134
     132
     132
     153
     153
     149
     121
     157
     163
     132
     125
     127
     119
     138
     144
     122
     148
     116
     146
     131
     140
     150
     106
     132
     117
     137
     142
     129
     113
     133
     134
     119
     111
     110
     133
     139
     121
     137
     130
     131
     137
     123
     115
     124
     138
     148
     121
     121
     132
     112
     114
     112
     134
     112
     109
     120
     118
     131
     118
     113
     113
     106
     131
     109
     121
     146
     118
     110
     106
      98
     108
     106
     100
     113
     105
      98
     131
     108
     117
     116
      93
     124
     101
     111
     101
     108
     106
     109
     114
     113
      91
     114
     108
     112
     123
     140
     190
     178
     163
     114
      96
     104
      91
     109
     110
     122
     127
     125
     114
     100
     120
      96
     101
      87
     100
      94
      97
      80
     101
      87
      90
     107
     109
     103
      90
      83
      88
      97
      84
      84
      93
      81
      95
     101
      73
      92
      95
      75
      79
      88
     104
      80
      86
      83
      83
      90
      97
      83
     102
     103
      95
      89
      81
      90
      91
      72
      85
      79
      84
      89
      91
      86
      72
      76
      74
      93
      84
      86
      85
      89
      69
      90
      86
      81
      88
      85
      61
      83
      68
      78
      85
      76
      87
      73
      80
      71
      82
      78
      84
      68
      99
      88
      99
      78
      80
      84
      92
      60
      83
      76
      97
      77
      74
      80
      81
      73
      84
      74
      62
      86
      80
      69
      81
      81
      79
      69
      82
      69
      64
      78
      71
      65
      66
      63
      67
      89
      71
      68
      93
      71
      79
      69
      67
      73
      72
      55
      63
      70
      76
      83
      53
      72
      43
      70
      68
      57
      64
      80
      82
      63
      60
      49
      58
      73
      73
      58
      67
      77
      67
      64
      78
      59
      76
      59
      49
      68
      89
      98
     102
      77
      67
      68
      64
      65
      58
      63
      62
      73
      54
      60
      58
      68
      75
      63
      70
      66
      54
      64
      58
      58
      58
      66
      64
      56
      60
      55
      62
      50
      62
      70
      68
      53
      63
      69
      59
      70
      54
      48
      57
      49
      49
      59
      55
      63
      60
      62
      54
      62
      66
      55
      64
      44
      44
      64
      66
      53
      68
      46
      58
      57
      50
      56
      44
      46
      59
      54
      68
      62
      45
      54
      49
      48
      49
      49
      58
      56
      51
      43
      45
      47
      45
      49
      56
      54
      36
      51
      57
      64
      58
      68
      55
      54
      58
      61
      43
      54
      56
      58
      53
      32
      63
      47
      58
      41
      60
      54
      41
      41
      44
      37
      49
      57
      37
      52
      50
      44
      63
      41
      40
      45
      47
      53
      59
      62
      39
      68
      68
      77
      55
      55
      59
      65
      46
      48
      45
      46
      52
      53
      53
      61
      58
      51
      42
      49
      39
      51
      47
      38
      54
      39
      46
      44
      33
      60
      54
      41
      52
      48
      44
      45
      43
      44
      53
      55
      61
      64
      90
     123
     104
      88
      50
      59
      50
      57
      41
      32
      44
      47
      42
      40
      45
      44
      44
      37
      48
      33
      44
      31
      58
      39
      42
      38
      45
      43
      49
      36
      40
      53
      35
      40
      52
      40
      41
      46
      52
      36
      31
      42
      38
      25
      33
      31
      32
      35
      41
      41
      50
      47
      27
      33
      37
      36
      27
      46
      35
      39
      42
      48
      45
      41
      41
      37
      46
      34
      30
      31
      29
      42
      36
      36
      45
      44
      28
      41
      39
      44
      45
      44
      41
      33
      40
      35
      47
      44
      35
      36
      40
      45
      39
      35
      48
      38
      39
      51
      36
      32
      36
      40
      38
      40
      28
      37
      38
      44
      37
      38
      35
      32
      53
      30
      43
      41
      51
      41
      35
      32
      36
      38
      42
      35
      49
      39
      40
      36
      31
      28
      32
      40
      47
      31
      32
      44
      43
      24
      41
      40
      35
      33
      32
      39
      40
      37
      41
      32
      33
      29
      41
      29
      28
      31
      45
      36
      32
      36
      31
      22
      33
      33
      26
      38
      27
      34
      39
      53
      47
      27
      40
      33
      35
      36
      32
      32
      42
      23
      23
      27
      37
      35
      34
      29
      30
      31
      30
      26
      40
      17
      30
      31
      38
      37
      43
      31
      35
      41
      36
      30
      23
      19
      38
      24
      25
      27
      34
      31
      44
      26
      40
      22
      30
      41
      30
      34
      49
      36
      29
      21
      26
      24
      25
      27
      33
      22
      31
      34
      34
      25
      37
      33
      39
      39
      24
      33
      35
      31
      24
      25
      30
      33
      29
      42
      32
      40
      30
      37
      25
      43
      27
      30
      31
      21
      27
      25
      26
      31
      31
      39
      24
      28
      39
      34
      30
      32
      45
      24
      29
      33
      27
      19
      28
      29
      24
      26
      31
      33
      26
      18
      31
      31
      29
      23
      32
      27
      30
      28
      25
      27
      26
      29
      20
      25
      22
      27
      24
      36
      24
      29
      26
      41
      33
      23
      35
      35
      44
      32
      28
      29
      31
      21
      27
      20
      16
      22
      26
      22
      33
      21
      26
      30
      33
      30
      22
      39
      30
      21
      36
      27
      24
      26
      22
      31
      26
      27
      29
      33
      35
      17
      26
      16
      27
      31
      22
      30
      27
      27
      20
      23
      23
      23
      25
      24
      30
      35
      23
      29
      21
      30
      30
      31
      21
      24
      21
      25
      28
      32
      25
      20
      29
      25
      36
      28
      26
      22
      25
      23
      28
      32
      23
      27
      21
      35
      26
      24
      17
      26
      29
      29
      17
      24
      18
      30
      26
      23
      28
      24
      17
      20
      25
      26
      34
      23
      29
      31
      30
      20
      37
      21
      27
      19
      26
      22
      23
      27
      31
      24
      27
      31
      16
      21
      26
      14
      22
      20
      23
      20
      19
      21
      17
      24
      23
      28
      20
      27
      16
      25
      30
      20
      23
      35
      29
      24
      16
      26
      23
      14
      29
      25
      22
      31
      27
      30
      22
      22
      20
      21
      25
      23
      24
      18
      32
      27
      24
      18
      25
      21
      20
      27
      20
      25
      18
      23
      22
      26
      29
      29
      54
      48
      53
      54
      47
      44
      37
      26
      22
      26
      30
      20
      21
      22
      22
      13
      26
      15
      19
      23
      28
      30
      18
      17
      19
      15
      21
      25
      15
      21
      27
      20
      39
      20
      30
      24
      19
      19
      24
      16
      23
      23
      19
      24
      10
      25
      31
      18
      22
      17
      24
      17
      26
      23
      24
      18
      19
      18
      18
      23
      15
      23
      25
      22
      16
      18
      21
      15
      16
      18
      19
      17
      15
      16
      18
      23
      18
      30
      27
      19
      25
      22
      15
      20
      24
      19
      17
      23
      18
      13
      23
      26
      22
      24
      19
      18
      18
      27
      19
      25
      12
      18
      23
      19
      18
      18
      19
      11
      11
      20
      20
      19
      12
      12
      17
      19
      12
      12
      25
      20
      20
      13
      18
      16
      24
      15
      14
      13
      17
      20
      20
      26
      21
      20
      20
      26
      19
      13
      18
      32
      26
      21
      17
      21
      20
      20
      17
      24
      22
      21
      16
      26
      21
      21
      17
      11
      17
      27
      24
      13
      25
      14
      18
      13
      15
      13
       9
      19
      33
      19
      12
      17
      28
      22
      12
      17
      23
      22
      25
      17
      21
      18
      15
      19
      18
      13
      25
      17
      13
      18
      27
      13
      30
      20
      25
      15
      21
      25
      20
      17
      18
      20
      16
      23
      24
      19
      26
      10
      22
      20
      12
      11
      22
      16
      24
      22
      24
      37
      51
      61
      57
      49
      25
      25
      21
      19
      17
      19
      10
      21
      15
      17
      14
      21
      12
      17
      17
      12
      14
      15
      21
      20
      16
      17
      10
      16
      19
      29
      17
      19
      13
      14
      14
      16
       9
      21
      17
      17
      15
      23
      16
      15
      13
      23
      18
      12
      20
      19
      16
      22
      18
      27
      12
      16
      18
      20
      17
      10
      21
      22
      14
      13
      15
      12
      22
      16
      18
      15
      17
      16
      21
      11
      14
      17
      17
      37
      48
      73
      77
      62
      50
      30
      25
      24
      17
      10
      16
      15
      15
      20
      19
      20
      14
      17
      15
      10
      11
      12
      14
      18
      16
      19
      19
      16
      13
      17
      16
      20
      11
      10
      16
      16
      12
       6
      18
      15
      16
       9
      19
      10
      13
      13
      15
       9
      14
      11
      12
       5
      14
      12
      13
      16
      11
      18
      20
      12
      16
      16
      13
      10
      13
      13
      13
      10
      15
      19
      15
      11
       9
      20
      12
       7
      13
      10
      11
      16
      18
      13
      19
      20
      15
      13
      12
      15
      18
      11
      17
      18
      21
      20
      16
      14
      17
      15
      12
      12
      17
      20
      15
      15
      18
      16
      18
      14
      12
      13
      13
      13
      13
      13
      11
      21
      16
      13
       9
      10
       9
      15
      22
      15
      16
      21
      13
      18
      18
      12
      19
       8
      15
      18
      20
      13
      15
      17
       7
      21
       9
       5
      12
      20
      19
      22
      16
      14
      17
      19
      20
      11
      13
      12
      15
      20
      14
      14
      17
      10
      20
      12
      11
      10
      17
      13
      11
      10
      13
      12
       8
      24
      18
      14
      18
      16
      17
      14
      16
      14
      13
      14
      18
       7
      11
      14
      12
       8
      10
      13
      15
      12
      14
      16
       9
      13
      12
       8
      15
      11
      11
      13
      11
      19
      13
       7
      14
      12
      13
       9
      12
      20
      11
      14
      10
      13
      11
      10
      15
      10
      17
      12
       7
      14
      14
      15
      12
      17
      14
      22
      15
      14
      16
      17
       9
      15
      19
       9
       8
      15
      14
       9
      18
      14
      23
       9
      12
      12
       8
      14
      18
      12
      11
      12
      17
      17
      10
      12
      14
      12
      14
       9
      12
      17
      11
      14
       8
      15
      17
      12
       9
      14
       8
      11
       9
      14
      17
      18
      13
      11
       9
      10
      12
      10
      10
      15
      11
      17
      14
      13
       8
      12
      11
      13
      17
       8
      13
      12
      10
      12
      15
      13
      10
      10
      16
      10
       9
      14
      10
       8
       8
      14
      10
      10
      10
      10
      16
       7
      13
      13
       7
      12
       8
      14
      11
      16
      13
      16
      14
      12
      15
       4
      14
      11
      13
      12
      13
      12
      10
       7
       9
      18
      10
      14
      12
      17
      16
      16
      13
       8
       9
      13
      12
       9
      18
      19
      19
      16
      21
      19
      12
      13
      10
      15
      13
      13
       9
      17
      11
      12
      15
      11
       8
      13
      10
      11
      14
      12
       8
      13
      16
      13
      15
      11
      13
       3
      17
       8
      11
       9
      16
      12
       9
       8
       9
      17
       5
      13
      17
      11
       8
      14
       9
       7
      11
      11
      10
      13
      11
       8
      10
      10
      12
      14
      16
       7
       8
       6
       8
      16
      12
      17
       8
      12
      18
      14
       9
       7
      16
      12
       9
      17
      12
      15
      12
       8
      15
      13
      20
      12
      12
      14
      16
      13
       9
      14
       7
       9
      13
      17
       9
      12
      14
       5
      15
      14
       7
      20
       9
      13
      14
       7
      14
      17
      10
      10
      14
      11
      15
       9
       5
      15
       9
      15
      12
      13
      11
      13
      17
      16
      20
      14
      18
      12
      12
      15
      14
      15
      14
       9
      12
      11
      11
      16
      18
      10
      12
      11
      10
       8
       4
       6
       8
       7
       8
      15
       5
      12
      17
      14
      13
       9
      16
       6
      11
      20
      11
       7
      12
      11
      20
       9
      13
      10
       9
       7
      13
       7
       9
      10
       4
      13
      13
      19
      14
      13
       9
      11
       8
      12
      16
      11
       4
      11
      17
       9
      11
       7
       6
      11
      13
      13
       5
      11
       9
      11
      12
      14
       9
      14
      14
      10
      20
      14
      11
      10
      11
       9
       6
      14
      10
      13
      10
      12
       9
      12
      10
       9
      15
       8
      11
       4
      13
      11
      12
       7
       6
      11
       7
      12
      10
       8
       7
       7
      12
      11
       7
      14
      10
      10
      14
       6
       7
      13
      11
       6
      13
      15
       8
       9
       9
      10
      12
      14
      14
       6
      13
       3
       7
       6
       9
       8
      10
       8
      12
       7
       5
      12
      10
       5
      11
       6
       9
      13
       7
       7
       7
       9
      12
      11
       8
      11
      10
       4
       6
      10
      11
       9
       6
      11
       7
      11
      13
       8
       8
       7
      10
      16
       6
      12
      12
      10
      13
      11
       8
       8
       9
      11
       9
      12
       7
       9
      10
       9
       6
      10
      11
       9
      13
       8
       9
      20
       9
       9
       9
       8
       8
      13
      12
       4
       6
       8
       7
      12
      17
      12
      10
      10
      10
       5
      15
       7
      15
       8
      10
       9
      10
      16
      10
       8
      13
      10
       6
       7
      15
       9
       6
       9
      10
       5
      10
       5
       8
       9
      12
      11
       5
      13
       6
      10
       9
      13
       7
      12
       4
       5
       9
       8
       9
      10
      15
       9
       9
      14
      10
       4
      13
       7
      11
       9
      12
      11
      15
       7
       7
      14
      11
      12
      24
      11
      11
      10
      13
      13
       7
      10
       9
       8
       9
       6
       8
       8
       7
      13
       6
       5
      13
       5
       9
      11
       8
       7
       7
       9
      11
       8
       9
      11
       8
      10
       8
      13
      11
      10
       6
       3
       9
      13
       9
      10
      11
       8
      10
      11
       4
       8
       9
      13
       6
       9
       9
       8
       3
      10
      13
       6
       4
       7
       8
       6
       9
      10
       3
      10
      13
      11
       6
       8
       7
       9
      13
      13
       7
       9
       4
       8
      10
      13
       9
       5
       5
      10
       4
      11
      10
       4
      12
      12
      10
       5
       9
      11
      10
      10
       5
       9
       7
       9
       7
      13
       6
      10
       8
       6
       9
       6
      17
       8
       8
       7
       7
      10
       4
       6
       9
       8
       6
       9
       6
       7
      12
       9
      11
      14
      14
       8
       9
       2
      10
      14
       6
      11
       8
       6
      13
      13
       5
       8
      16
       5
      10
      10
      10
      14
      15
      19
      15
      16
      34
      34
      35
      34
      33
      16
      14
       4
      10
      10
       9
      10
      10
       6
       8
      16
       6
      11
       9
       8
      11
      12
       4
      11
       3
       5
       9
      15
       6
       8
       4
      11
       5
      10
       5
       8
       5
       5
      10
      13
       9
       9
       4
       9
       6
       9
       2
      11
       8
       5
       5
       5
       8
       6
       6
      11
       6
       6
      10
       8
       7
       9
      11
       8
      11
      10
      14
      10
       9
       9
      13
      14
       4
       8
       4
      11
       8
      10
      12
       6
       7
       4
       8
       6
       8
       9
       9
       4
      12
       8
       9
       6
      10
      15
       6
       9
       7
       4
       8
       9
       6
      10
      10
       9
       5
      14
       7
       4
       7
      11
       5
       8
      11
       7
      10
       9
       8
       6
       8
      17
       8
       5
       8
      10
       3
       6
       5
       8
       9
       8
       7
      10
       5
       9
      10
       6
       4
       5
       5
      17
       6
      10
       5
      10
       6
       7
      11
      14
      11
       8
       9
       9
       9
       7
      10
       8
       6
       3
       4
       8
       8
      16
      15
      16
      14
      13
      12
       8
       9
      12
      14
       9
      14
      16
      16
      22
      24
      19
      16
      17
      13
      11
       5
      12
       6
      14
      13
       8
       7
       9
       7
      12
       6
       4
      11
      11
       9
      10
       9
       4
       7
       7
      10
      11
       9
       7
       5
       7
       4
       5
       6
       8
       9
       6
       6
       8
       7
       8
       9
       6
      10
       7
      12
       7
       5
      14
       7
       2
       5
      11
      13
       5
      11
       6
       3
       8
       6
       9
      10
       1
       8
       5
      10
      11
       5
       3
      10
       4
      13
      12
       9
      10
       6
       7
      10
       5
       7
       7
       5
      10
       9
       5
       6
       7
       9
      10
      13
      12
       6
      11
       9
       4
      10
      11
       9
       5
      17
       2
      10
      10
       8
       5
      11
       5
       4
       8
      11
       8
      11
       5
       8
       7
      11
       9
       6
       6
       6
       3
       9
       5
      11
       8
       8
       8
       7
       7
       5
       7
       7
       6
       6
       8
       8
       4
       4
       7
       6
      11
       4
      11
       7
       6
       9
      11
       8
       7
      10
       4
       6
       6
       8
       9
       6
       5
      15
       9
       5
       4
       7
      12
       9
       7
       4
      11
       6
       6
       7
       3
       9
       6
       5
       7
       9
       8
       3
       6
       6
       4
       5
       6
       7
       1
       7
       8
       5
       7
       9
      11
       5
      12
       5
      12
       6
       6
       9
       6
       5
       8
       4
      12
       9
      10
       4
       9
       9
       9
       4
       7
       2
       5
       3
      10
      10
       4
       8
       9
       4
       9
       4
       5
       2
       7
       6
       4
       3
       2
       8
       9
       8
       8
       6
       5
      12
       5
       7
       5
      11
      10
       9
       9
       5
      10
       8
       4
       9
       3
      10
       9
       4
       8
       4
      13
       7
       5
       8
       8
       2
       8
       7
       3
       3
       4
       7
       7
       8
       7
       6
       6
       7
       4
       4
       8
      13
       7
       6
       7
       8
       5
       4
      14
       8
       4
       6
       4
       9
      10
       6
       6
       7
       4
      13
       6
       5
       7
       7
       5
       7
      10
       7
       6
      11
       6
       5
       5
       3
       7
       7
       8
       6
       4
       9
       6
       9
       9
       5
       8
       7
      11
       4
       8
      10
       2
       3
       3
       6
       6
       5
       7
       4
       8
       7
       5
       8
       4
      14
       4
       9
      10
      11
       8
      10
      11
       8
       7
       8
       6
       9
      10
      12
       8
       7
      10
       5
       7
       9
       5
       5
       4
       4
       4
       6
       6
       4
       9
       6
       5
       6
       5
       3
      10
       3
       6
       7
      10
       7
       5
       7
       7
       5
       5
       9
       4
       4
       6
       4
       3
       5
       6
       9
       3
       4
      10
       6
       7
       8
      10
       7
       4
      10
       7
       7
       4
       8
       3
       8
       7
       7
      13
       9
       5
       5
       8
      11
       4
       4
       1
       7
       6
       8
       8
       5
      10
      10
       6
       6
       9
       5
       7
      10
      12
       7
       9
       3
       4
       8
       9
       9
       4
       4
      12
       5
       6
       8
       6
       8
       6
      10
      16
      10
      20
      12
      12
      14
      20
      10
      19
      14
       8
       8
       4
       8
       0
       6
       8
       7
       8
       3
       7
       5
       5
       6
       7
       5
       5
       6
       6
       3
       7
       3
       8
       8
       6
      11
       4
       9
       0
      11
       8
       8
       3
      11
       7
       6
       3
       5
      11
       3
      11
       3
       8
       9
       6
      10
       7
       7
       4
       7
      10
      10
       7
       8
       5
       7
       8
       8
       5
       8
       5
       7
       5
      13
       7
       6
      11
       3
       7
       6
       6
       9
       8
       5
       9
      12
       8
       7
       6
       1
       5
       5
       8
       5
       5
       4
       2
       6
       9
       6
       6
      13
       8
       6
       9
       4
       6
      10
      14
       6
       4
      12
       9
       9
       6
       5
       8
       4
       5
       2
       4
       8
       6
       8
       6
       3
       4
      10
       5
      11
       4
       4
       6
       8
      12
       7
       9
       3
       8
      13
       7
       3
       4
       4
       6
       6
       7
       5
       5
       2
       6
      11
       5
       7
       6
       6
       6
       5
       9
       8
       9
       6
       6
       7
      10
       5
       5
       8
       7
      10
       8
       8
       3
      13
       5
      13
       5
      11
       5
      11
       7
       8
       8
       8
      11
       6
       5
       7
       8
       4
       6
       8
       6
       6
      12
       8
       8
       8
       9
       3
       8
       4
       4
      11
       4
       6
       7
       6
       5
       5
      11
       6
       7
       9
      10
      10
       5
       2
       9
       7
       6
       2
       5
       6
      10
       4
       7
      11
       9
       8
       3
       6
      12
       3
       3
       8
       4
       3
       8
       8
       7
      10
       4
       6
       7
       7
       4
       8
       6
       7
       7
       3
       7
       9
      10
      10
       6
       9
       6
       9
       8
       4
       5
      10
       9
      10
      11
       9
       4
       2
       8
       8
       5
       9
       7
       6
       3
       7
       4
       7
       3
       8
       8
       4
       3
       5
      10
       3
       1
       5
       8
       7
       5
       4
       6
       7
       6
      11
       2
       9
       9
       6
      10
       3
      12
      10
       4
       7
       8
       9
       6
       2
       8
       9
      10
       8
       7
       6
       4
      10
       4
      11
       7
      10
       9
       4
       4
       9
      11
       2
      10
       4
       7
       7
       4
       7
      10
       7
       6
       6
       5
      13
      10
       7
       4
       8
      13
       8
       4
       8
       8
       9
       5
      10
       4
       8
       7
       9
       8
       9
       8
      14
       6
       3
       8
       7
       3
       8
       7
       5
       8
       6
       7
       6
      10
      10
       7
       7
       2
       5
       8
       5
       7
       6
      11
       2
       7
       4
       5
       6
       4
       5
       5
       6
       8
       4
       8
       6
       7
       9
       7
       4
       3
       8
       8
       3
       4
       9
       3
       8
       9
       5
       0
       5
       4
       8
       8
       3
       4
       6
       4
       6
       4
       4
       8
       5
      12
       2
       8
       5
       8
       4
       3
       6
       6
       5
       2
       4
       8
       9
       7
       8
       5
       5
       4
       3
       2
       2
       4
       8
       6
       4
       7
       4
       1
       7
       9
       5
       7
       9
       6
       7
       4
       8
       5
       9
       5
       3
       6
       5
       6
       6
       4
       3
       6
       1
       9
       4
       8
       7
       5
       4
       1
       1
       2
       4
       9
       6
       6
       3
       2
       3
       1
       3
       5
       2
       5
       6
       4
       6
       4
       2
       2
       5
       4
       3
       9
       4
       5
       4
       3
       3
       5
       4
       3
       5
       4
       6
       5
       3
       5
       1
       4
       6
       3
       1
       4
       5
       3
       4
       7
       4
       3
       4
       3
       6
       5
       5
       4
       4
       6
      12
       4
       5
       5
       5
       1
       8
       3
       6
       6
       4
       4
       6
       3
       1
       4
       2
       3
       6
       4
       8
       6
       5
       3
       4
       0
       7
       8
       3
       4
       9
       4
       2
       2
       7
       7
       5
       2
       8
       4
       6
       5
       3
       6
       1
       5
       4
       4
       6
       3
       3
       7
       5
       4
       3
       5
       4
       4
       1
       2
       5
       4
       4
       3
       2
       8
       3
       4
       3
       1
       2
       3
       6
       5
       1
       1
       1
       5
       3
       3
       3
       4
       4
       4
       7
       2
       1
       6
       1
       5
       4
       3
       5
       1
       1
       5
       5
       7
       4
       4
       2
       8
       2
       1
       4
       1
       6
       3
       4
       3
       2
       4
       2
       2
       2
       2
       2
       0
       1
       4
       6
       4
       1
       3
       1
       3
       5
       4
       4
       2
       0
       1
       2
       2
       4
       4
       5
       2
       3
       1
       6
       4
       2
       2
       5
       7
       1
       5
       7
       1
       1
       2
       4
       5
       4
       2
       2
       3
       3
       2
       1
       2
       3
       3
       2
       3
       0
       5
       1
       4
       7
       2
       7
       1
       2
       4
       1
       2
       4
       1
       2
       8
       3
       1
       3
       4
       6
       0
       4
       4
       5
       1
       2
       3
       3
       3
       2
       2
       4
       2
       0
       3
       0
       3
       1
       5
       2
       0
       7
       4
       1
       1
       2
       9
       2
       6
       1
       3
       4
       3
       3
       1
       4
       7
       5
       4
       1
       2
       5
       7
       4
       6
       7
       5
       2
      11
       7
       3
       6
       1
       4
       4
       4
       2
       3
       4
       1
       4
       1
       3
       3
       2
       6
       2
       2
       3
       5
       7
       1
       2
       2
       3
       2
       3
       6
       4
       2
       1
       3
       3
       4
       3
       5
       1
       1
       4
       4
       2
       2
       4
       3
       5
       2
       2
       4
       4
       5
       0
       5
       5
       4
       4
       5
       2
       3
       7
       2
       2
       3
       3
       2
       3
       2
       1
       3
       4
       3
       1
       6
       5
       2
       2
       3
       4
       2
       2
       2
       3
       1
       1
       2
       6
       2
       9
       4
       1
       2
       1
       2
       1
       9
       5
       4
       4
       3
       3
       0
       2
       2
       3
       2
       1
       4
       5
       4
       3
       4
       1
       5
       4
       4
       3
       1
       2
       2
       4
       1
       3
       1
       3
       2
       0
       5
       3
       4
       1
       4
       3
       2
       2
       3
       3
       2
       2
       2
       2
       2
       0
       3
       1
       2
       2
       5
       1
       2
       3
       1
       1
       4
       4
       3
       5
       2
       4
       1
       3
       6
       3
       3
       2
       4
       5
       2
       4
       2
       4
       4
       0
       2
       3
       3
       5
       1
       2
       3
       2
       2
       5
       3
       3
       4
       3
       5
       5
       5
       4
       1
       6
       3
       7
       2
       4
       2
       5
       4
       5
       4
       1
       3
       2
       7
       6
       3
       2
       2
       3
       2
       5
       1
       1
       5
       9
      10
       8
       8
       9
       5
       5
       5
      10
      10
       8
      14
      13
      13
      21
      14
      27
      21
      24
      26
      40
      41
      29
      52
      51
      53
      47
      49
      61
      60
      49
      59
      64
      53
      51
      43
      37
      48
      43
      40
      35
      36
      25
      18
      16
      16
      14
       2
       2
       3
       3
       3
       1
       3
       1
       2
       3
       1
       1
       0
       3
       4
       5
       3
       3
       2
       3
       1
       3
       3
       4
       1
       4
       1
       3
       1
       1
       1
       0
       2
       0
       3
       5
       2
       2
       1
       3
       1
       0
       3
       2
       2
       4
       0
       1
       1
       3
       2
       0
       4
       1
       1
       1
       0
       1
       0
       4
       2
       1
       2
       3
       2
       1
       1
       0
       1
       1
       1
       1
       2
       2
       1
       1
       6
       0
       3
       4
       2
       1
       0
       2
       2
       1
       4
       1
       2
       5
       1
       1
       1
       2
       2
       1
       1
       1
       3
       4
       1
       3
       0
       3
       4
       3
       0
       3
       0
       1
       1
       2
       3
       4
       2
       0
       4
       2
       5
       3
       2
       1
       1
       2
       3
       0
       0
       7
       0
       1
       5
       3
       2
       1
       2
       3
       2
       3
       3
       1
       1
       5
       1
       2
       2
       4
       1
       1
       1
       2
       4
       2
       3
       2
       1
       0
       1
       2
       1
       2
       1
       1
       2
       2
       3
       1
       3
       0
       1
       1
       1
       1
       0
       2
       2
       3
       0
       0
       3
       0
       0
       0
       1
       2
       1
       1
       0
       2
       0
       1
       2
       3
       2
       3
       3
       4
       0
       2
       0
       2
       0
       1
       1
       0
       3
       1
       0
       1
       1
       1
       1
       0
       1
       1
       1
       0
       3
       2
       1
       1
       2
       3
       2
       1
       2
       2
       2
       1
       0
       2
       1
       2
       1
       0
       1
       1
       1
       1
       1
       2
       1
       1
       2
       4
       2
       0
       3
       0
       4
       1
       0
       1
       4
       2
       2
       1
       2
       2
       1
       2
       1
       4
       0
       1
       0
       3
       1
       1
       3
       1
       1
       0
       3
       0
       2
       0
       1
       1
       2
       1
       2
       3
       0
       4
       0
       2
       1
       3
       1
       2
       1
       1
       0
       1
       2
       2
       0
       1
       2
       0
       2
       0
       0
       0
       2
       1
       0
       0
       0
       1
       0
       0
       1
       2
       1
       0
       0
       1
       0
       2
       2
       1
       2
       2
       3
       2
       2
       2
       2
       1
       0
       0
       4
       1
       1
       1
       3
       3
       2
       3
       3
       3
       2
       1
       1
       1
       3
       5
       3
       0
       2
       4
       3
       2
       2
       2
       2
       4
       1
       3
       3
       3
       3
       2
       2
       3
       0
       0
       3
       7
       4
       5
       5
       7
       4
       3
       8
       6
       3
       6
       7
       2
       3
       6
       1
       3
       3
       2
       2
       2
       1
       2
       2
       0
       5
       0
       2
       0
       2
       3
       1
       1
       2
       4
       4
       1
       1
       1
       1
       1
       1
       0
       4
       1
       0
       0
       1
       1
       3
       0
       1
       3
       2
       3
       1
       1
       1
       2
       2
       1
       3
       1
       1
       1
       1
       3
       1
       2
       0
       3
       0
       1
       2
       2
       2
       2
       1
       1
       3
       1
       1
       1
       0
       1
       1
       1
       1
       1
       2
       1
       1
       0
       4
       0
       1
       2
       2
       1
       1
       0
       1
       2
       0
       1
       3
       1
       2
       0
       6
       0
       2
       2
       0
       4
       3
       0
       0
       2
       0
       3
       3
       4
       1
       2
       3
       2
       1
       2
       0
       1
       2
       0
       1
       0
       0
       1
       1
       0
       4
       2
       3
       0
       0
       1
       2
       0
       1
       1
       1
       1
       1
       3
       1
       0
       2
       1
       0
       0
       2
       1
       1
       1
       3
       1
       1
       0
       1
       1
       1
       1
       0
       0
       0
       2
       1
       1
       1
       1
       1
       2
       2
       2
       1
       1
       2
       1
       2
       1
       1
       0
       3
       0
       0
       1
       5
       3
       1
       2
       1
       2
       1
       0
       2
       2
       2
       0
       2
       0
       0
       2
       3
       1
       1
       2
       0
       0
       0
       1
       2
       1
       3
       1
       0
       1
       0
       1
       1
       1
       1
       1
       2
       1
       2
       0
       3
       3
       1
       1
       1
       0
       1
       3
       1
       0
       1
       2
       1
       1
       0
       1
       2
       1
       4
       1
       1
       0
       0
       2
       0
       1
       0
       0
       1
       6
       0
       2
       0
       0
       0
       2
       1
       2
       1
       0
       2
       0
       0
       1
       2
       0
       0
       0
       1
       2
       0
       3
       0
       0
       1
       1
       0
       1
       1
       0
       1
       2
       4
       2
       0
       4
       0
       1
       1
       2
       3
       0
       2
       1
       0
       1
       1
       0
       0
       1
       1
       1
       2
       0
       0
       0
       0
       0
       0
       0
       0
       2
       1
       2
       0
       3
       0
       2
       1
       2
       0
       1
       4
       2
       0
       0
       2
       2
       0
       1
       1
       1
       0
       3
       0
       0
       0
       0
       0
       2
       0
       0
       2
       1
       1
       0
       1
       0
       3
       1
       0
       1
       1
       0
       2
       0
       2
       0
       1
       0
       1
       0
       1
       3
       2
       1
       1
       2
       0
       1
       1
       0
       1
       1
       1
       1
       1
       2
       3
       1
       1
       1
       0
       1
       4
       1
       1
       3
       1
       2
       1
       0
       1
       2
       1
       2
       2
       2
       0
       3
       2
       3
       2
       1
       1
       2
       1
       4
       6
       3
       1
       1
       2
       1
       2
       2
       0
       3
       2
       1
       3
       0
       1
       0
       2
       0
       2
       0
       1
       1
       2
       3
       1
       0
       3
       0
       1
       1
       1
       1
       0
       1
       1
       2
       1
       2
       4
       1
       1
       1
       1
       3
       1
       3
       1
       1
       1
       1
       3
       2
       0
       1
       0
       2
       3
       1
       2
       0
       1
       0
       1
       2
       2
       1
       1
       1
       4
       1
       1
       1
       1
       0
       1
       2
       4
       3
       3
       1
       8
       5
       2
       3
       6
       5
       3
       1
       4
       5
       2
       1
       4
       9
       4
       1
       1
       5
       2
       5
       4
       2
       1
       4
       2
       5
       4
       3
       2
       3
       6
       2
       2
       6
       0
       4
       2
       4
       4
       2
       3
       1
       1
       1
       0
       2
       0
       5
       3
       2
       1
       1
       2
       1
       0
       0
       4
       1
       3
       0
       0
       0
       1
       0
       1
       0
       1
       0
       0
       1
       0
       0
       1
       2
       2
       2
       0
       2
       2
       0
       3
       2
       1
       0
       0
       0
       1
       0
       3
       1
       1
       0
       2
       2
       2
       0
       0
       1
       0
       1
       1
       0
       3
       2
       0
       1
       0
       2
       0
       3
       0
       3
       0
       3
       2
       0
       0
       0
       0
       2
       0
       2
       0
       0
       0
       1
       3
       0
       2
       0
       0
       1
       2
       2
       0
       0
       0
       1
       0
       0
       0
       0
       1
       1
       1
       3
       2
       0
       1
       0
       0
       0
       1
       2
       1
       2
       0
       1
       1
       2
       0
       0
       2
       0
       1
       2
       2
       0
       1
       2
       0
       0
       0
       2
       0
       1
       1
       1
       2
       0
       1
       0
       0
       1
       0
       0
       1
       3
       1
       0
       3
       0
       0
       0
       3
       2
       0
       2
       3
       1
       2
       1
       3
       0
       1
       4
       1
       0
       1
       0
       2
       0
       2
       2
       0
       2
       1
       1
       4
       3
       0
       2
       1
       0
       1
       1
       0
       1
       0
       1
       0
       0
       0
       1
       0
       0
       1
       0
       1
       0
       0
       1
       2
       0
       0
       2
       2
       1
       0
       3
       2
       1
       3
       5
       0
       3
       1
       0
       0
       0
       0
       0
       2
       0
       0
       2
       1
       0
       1
       1
       1
       0
       2
       1
       3
       0
       1
       1
       0
       1
       3
       0
       1
       2
       1
       0
       3
       0
       0
       0
       2
       2
       2
       2
       0
       1
       0
       2
       0
       1
       0
       2
       0
       2
       2
       1
       0
       0
       0
       1
       1
       2
       3
       0
       0
       1
       0
       0
       0
       0
       0
       0
       0
       0
       0
       1
       1
       3
       2
       0
       4
       0
       0
       2
       0
       1
       0
       1
       1
       0
       0
       0
       3
       1
       0
       0
       0
       3
       0
       3
       1
       2
       4
       0
       0
       1
       0
       0
       1
       3
       1
       2
       1
       0
       4
       2
       2
       0
       1
       0
       0
       0
       0
       1
       1
       1
       1
       0
       1
       1
       0
       0
       0
       2
       2
       1
       1
       2
       1
       0
       2
       1
       0
       3
       1
       1
       0
       2
       1
       1
       1
       1
       0
       1
       1
       3
       3
       0
       2
       2
       1
       2
       1
       3
       3
       2
       0
       1
       1
       3
       0
       1
       2
       0
       0
       0
       1
       1
       3
       2
       1
       1
       0
       3
       0
       1
       0
       1
       1
       1
       2
       0
       1
       0
       1
       0
       2
       1
       0
       0
       0
       0
       0
       0
       0
       1
       0
       1
       0
       5
       2
       0
       0
       0
       1
       1
       2
       0
       0
       0
       1
       2
       1
       2
       2
       1
       0
       2
       1
       0
       0
       0
       1
       2
       1
       0
       0
       0
       0
       1
       1
       1
       1
       1
       0
       1
       1
       0
       3
       0
       2
       0
       0
       0
       1
       1
       3
       1
       1
       1
       2
       1
       0
       2
       1
       0
       2
       1
       0
       1
       1
       0
       2
       1
       0
       0
       0
       1
       0
       1
       0
       1
       0
       2
       3
       1
       0
       1
       0
       0
       0
       0
       1
       1
       2
       0
       1
       0
       0
       2
       0
       0
       1
       2
       0
       1
       1
       1
       0
       2
       0
       4
       1
       0
       0
       0
       0
       0
       0
       0
       0
       0
       0
       0
       1
       1
       1
       1
       0
       1
       0
       1
       1
       2
       0
       1
       0
       1
       0
       0
       0
       1
       0
       1
       1
       1
       0
       1
       0
       0
       0
       1
       0
       0
       0
       0
       0
       2
       0
       1
       2
       1
       2
       2
       0
       1
       1
       1
       1
       2
       4
       0
       0
       2
       2
       3
       1
       0
       0
       3
       1
       3
       1
       1
       0
       1
       1
       2
       0
       2
       2
       1
       1
       1
       1
       1
       0
       0
       0
       1
       0
       0
       0
       0
       0
       1
       1
       1
       1
       1
       2
       1
       1
       3
       1
       2
       0
       0
       0
       1
       2
       1
       1
       0
       0
       0
       0
       0
       2
       0
       0
       1
       1
       1
       0
       0
       2
       1
       1
       1
       1
       1
       0
       1
       1
       0
       2
       1
       1
       0
       3
       0
       2
       0
       1
       1
       1
       1
       0
       1
       0
       1
       1
       1
       0
       1
       2
       1
       0
       1
       0
       0
       0
       0
       0
       0
       3
       1
       1
       0
       0
       0
       1
       1
       2
       0
       1
       0
       1
       0
       1
       2
       1
       1
       1
       0
       1
       1
       0
       2
       0
       2
       1
       0
       0
       2
       2
       2
       0
       2
       1
       2
       1
       0
       0
       0
       0
       0
       0
       2
       0
       0
       0
       0
       1
       0
       0
       1
       2
       0
       1
       1
       0
       3
       1
       0
       1
       1
       1
       0
       0
       0
       0
       1
       0
       1
       0
       2
       1
       1
       0
       0
       1
       0
       0
       1
       0
       2
       0
       1
       0
       0
       0
       1
       0
       0
       1
       0
       0
       1
       2
       1
       1
       0
       1
       0
       2
       1
       2
       0
       0
       1
       0
       4
       2
       1
       0
       0
       0
       0
       0
       0
       0
       2
       2
       0
       1
       0
       2
       0
       0
       1
       0
       0
       2
       2
       0
       0
       0
       2
       1
       1
       1
       0
       0
       2
       0
       2
       0
       1
       0
       0
       1
       0
       1
       2
       1
       1
       1
       1
       2
       1
       2
       0
       2
       1
       0
       2
       2
       0
       2
       0
       1
       1
       1
       2
       0
       0
       1
       1
       1
       0
       1
       0
       0
       0
       0
       0
       0
       0
       2
       0
       0
       0
       1
       1
       0
       1
       1
       1
       0
       1
       1
       2
       0
       0
       0
       1
       0
       1
       0
       0
       3
       1
       0
       1
       1
       2
       2
       1
       0
       0
       0
       0
       0
       0
       1
       0
       0
       3
       0
       1
       2
       1
       1
       1
       1
       0
       0
       0
       0
       1
       0
       1
       3
       0
       0
       3
       0
       1
       1
       1
       0
       0
       1
       1
       0
       1
       2
       0
       1
       0
       0
       2
       0
       0
       0
       0
       2
       2
       0
       0
       1
       0
       1
       1
       4
       2
       0
       0
       1
       0
       3
       1
       2
       0
       0
       2
       1
       0
       3
       2
       1
       3
       3
       2
       1
       3
       1
       1
       1
       1
       0
       1
       4
       0
       0
       1
       2
       1
       1
       0
       1
       1
       0
       1
       0
       2
       1
       2
       1
       3
       2
       2
       0
       2
       0
       2
       1
       2
       1
       2
       2
       1
       1
       0
       5
       0
       2
       2
       1
       3
       3
       0
       1
       0
       2
       0
       1
       0
       1
       0
       1
       1
       1
       1
       1
       0
       0
       1
       2
       0
       0
       1
       2
       2
       1
       2
       0
       0
       1
       3
       1
       1
       0
       1
       1
       1
       1
       0
       0
       0
       1
       2
       1
       0
       1
       2
       1
       1
       1
       0
       2
       0
       0
       1
       0
       0
       0
       0
       0
       0
       0
       0
       1
       1
       2
       0
       1
       1
       0
       1
       0
       3
       2
       1
       1
       1
       1
       0
       1
       0
       0
       0
       1
       1
       0
       0
       0
       0
       1
       1
       0
       0
       1
       2
       1
       1
       2
       1
       1
       1
       0
       0
       0
       0
       0
       0
       1
       0
       1
       1
       1
       0
       1
       1
       1
       0
       1
       1
       1
       0
       1
       0
       1
       2
       0
       0
       0
       0
       0
       0
       3
       0
       0
       0
       3
       1
       0
       1
       0
       2
       0
       1
       1
       0
       1
       0
       2
       0
       1
       0
       0
       2
       0
       0
       2
       0
       1
       1
       1
       0
       0
       1
       1
       0
       1
       1
       0
       1
       0
       0
       3
       0
       1
       1
       0
       0
       1
       1
       0
       0
       1
       0
       0
       1
       1
       1
       2
       1
       1
       4
       2
       2
       0
       1
       0
       1
       0
       1
       2
       0
       0
       1
       0
       3
       1
       1
       0
       1
       1
       1
       0
       1
       0
       0
       0
       1
       3
       1
       1
       0
       2
       2
       1
       2
       2
       1
       2
       1
       1
       0
       1
       1
       1
       1
       0
       0
       3
       0
       1
       1
       1
       1
       1
       1
       1
       2
       3
       6
       1
       2
       0
       0
       2
       0
       1
       2
       1
       0
       2
       2
       0
       1
       1
       1
       1
       1
       0
       1
       2
       1
       2
       1
       0
       0
       2
       1
       1
       2
       0
       3
       1
       0
       0
       2
       1
       1
       0
       1
       2
       1
       1
       1
       2
       3
       0
       0
       1
       0
       1
       3
       3
       3
       1
       1
       1
       1
       0
       0
       1
       1
       4
       1
       1
       0
       0
       2
       4
       1
       0
       2
       0
       1
       0
       0
       1
       0
       1
       0
       0
       0
       1
       0
       1
       2
       2
       0
       1
       1
       1
       0
       0
       0
       0
       0
       1
       0
       1
       0
       0
       0
       0
       0
       0
       0
       0
       0
       3
       1
       2
       0
       0
       0
       2
       0
       1
       0
       1
       4
       0
       0
       0
       0
       1
       0
       1
       2
       0
       0
       1
       0
       1
       1
       3
       0
       0
       1
       1
       0
       0
       1
       1
       0
       0
       1
       1
       0
       4
       1
       1
       1
       0
       1
       0
       0
       0
       0
       0
       1
       1
       1
       2
       0
       0
       0
       0
       0
       2
       0
       2
       0
       0
       0
       1
       0
       1
       1
       0
       2
       2
       1
       2
       0
       0
       0
       1
       1
       0
       1
       1
       0
       0
       2
       2
       1
       0
       2
       1
       0
       0
       0
       1
       1
       2
       1
       0
       1
       0
       1
       0
       0
       1
       1
       0
       1
       0
       1
       1
       1
       1
       1
       0
       0
       1
       0
       0
       1
       0
       0
       0
       2
       1
       2
       0
       1
       4
       1
       3
       1
       1
       3
       1
       1
       1
       1
       0
       0
       3
       0
       1
       2
       0
       2
       1
       2
       0
       0
       1
       0
       0
       3
       1
       0
       0
       2
       0
       0
       0
       0
       1
       0
       0
       0
       1
       0
       1
       1
       0
       0
       0
       2
       0
       1
       1
       1
       2
       0
       0
       1
       1
       1
       0
       0
       0
       1
       0
       3
       4
       0
       0
       1
       0
       0
       0
       0
       1
       0
       1
       3
       0
       0
       1
       0
       1
       1
       2
       1
       1
       2
       1
       0
       1
       0
       0
       1
       2
       1
       3
       2
       1
       1
       1
       4
       0
       0
       0
       0
       0
       0
       2
       1
       0
       2
       1
       3
       1
       1
       0
       2
       0
       0
       0
       0
       0
       0
       2
       1
       0
       2
       1
       0
       0
       0
       0
       2
       1
       1
       1
       0
       0
       0
       0
       0
       0
       2
       0
       0
       0
       3
       1
       1
       2
       0
       1
       0
       2
       0
       0
       1
       3
       3
       0
       1
       1
       1
       0
       1
       0
       1
       0
       0
       1
       0
       1
       0
       0
       2
       1
       0
       0
       2
       1
       0
       2
       1
       0
       0
       1
       0
       1
       1
       0
       1
       2
       0
       1
       1
       0
       1
       2
       2
       1
       1
       2
       2
       0
       1
       3
       1
       0
       1
       1
       1
       2
       2
       2
       1
       0
       0
       0
       1
       1
       1
       2
       1
       0
       1
       0
       0
       2
       1
       0
       2
       0
       1
       1
       1
       2
       1
       1
       1
       1
       2
       0
       2
       3
       1
       1
       1
       0
       1
       0
       2
       0
       2
       1
       1
       0
       1
       2
       1
       3
       1
       1
       1
       1
       1
       2
       1
       3
       0
       2
       1
       1
       0
       0
       3
       0
       0
       1
       2
       0
       0
       0
       0
       2
       0
       1
       0
       1
       1
       1
       0
       1
       2
       0
       2
       0
       0
       0
       0
       0
       0
       2
       0
       3
       1
       0
       1
       1
       2
       3
       0
       1
       1
       0
       1
       2
       1
       1
       0
       1
       2
       1
       1
       0
       1
       0
       1
       1
       0
       0
       0
       0
       2
       1
       1
       0
       1
       0
       1
       1
       0
       0
       0
       2
       0
       2
       0
       0
       0
       0
       2
       1
       0
       0
       1
       0
       0
       2
       1
       1
       1
       0
       0
       0
       0
       0
       0
       2
       0
       0
       0
       0
       0
       2
       0
       1
       1
       1
       1
       0
       0
       0
       0
       2
       1
       1
       0
       1
       0
       2
       1
       2
       0
       1
       2
       1
       0
       0
       0
       1
       1
       0
       0
       1
       0
       0
       1
       1
       1
       1
       0
       0
       1
       1
       0
       0
       1
       0
       1
       0
       0
       1
       3
       0
       0
       2
       1
       2
       1
       0
       0
       1
       3
       0
       1
       0
       1
       1
       0
       0
       0
       3
       0
       0
       1
       1
       1
       1
       2
       0
       0
       0
       1
       3
       1
       0
       3
       0
       1
       0
       1
       0
       1
       2
       2
       0
       1
       1
       1
       0
       1
       0
       0
       0
       1
       2
       0
       1
       2
       0
       0
       2
       4
       1
       0
       2
       1
       2
       3
       0
       0
       2
       1
       2
       0
       1
       0
       0
       0
       0
       0
       3
       0
       1
       0
       2
       0
       0
       0
       1
       0
       0
       0
       0
       1
       0
       1
       0
       0
       0
       0
       1
       0
       0
       0
       1
       1
       2
       0
       0
       3
       0
       0
       1
       1
       0
       0
       2
       1
       1
       3
       1
       1
       1
       1
       0
       1
       1
       0
       0
       0
       1
       0
       1
       1
       1
       1
       1
       0
       1
       0
       1
       0
       1
       2
       1
       0
       0
       0
       1
       1
       1
       0
       0
       0
       0
       0
       0
       1
       0
       0
       0
       0
       0
       0
       0
       0
       0
       0
       0
       0
       0
       0
       0
       0
       1
       0
       1
       1
       0
       1
       0
       0
       1
       0
       0
       0
       0
       0
       0
       1
       2
       1
       0
       0
       0
       0
       0
       0
       1
       0
       0
       0
       0
       0
       0
       1
       0
       2
       0
       0
       0
       0
       1
       1
       0
       0
       1
       0
       0
       1
       0
       1
       0
       2
       0
       0
       0
       1
       1
       0
       0
       2
       1
       0
       0
       1
       0
       0
       0
       0
       0
       0
       0
       0
       0
       0
       0
       3
       1
       0
       0
       0
       0
       0
       0
       0
       0
       0
       0
       0
       1
       0
       0
       0
       0
       0
       0
       0
       0
       0
       0
       0
       0
       0
       0
       0
       0
       0
       1
       0
       0
       0
       0
       0
       0
       1
       1
       0
       1
       1
       2
       1
       0
       0
       0
       0
       0
       0
       0
       0
       0
       0
       1
       2
       0
       1
       0
       0
       0
       0
       0
       0
       0
       0
       0
       0
       1
       1
       0
       0
       0
       0
       0
       1
       0
       0
       0
       0
       0
       0
       0
       1
       0
       0
       0
       0
       0
       0
       0
       1
       0
       0
       0
       0
       0
       0
       0
       0
       1
       0
       0
       0
       0
       0
       0
       0
       0
       0
       0
       0
       0
       0
       0
       2
       0
       0
       0
       0
       0
       0
       0
       1
       0
       0
       0
       0
       0
       0
       0
       0
       0
       1
       0
       0
       0
       0
       0
       0
       0
       0
       0
       2
       0
       0
       0
       0
       2
       0
       0
       0
       0
       1
       0
       1
       0
       0
       0
       0
       0
       0
       0
       1
       0
       0
       0
       0
       1
       0
       0
       0
       0
       1
       1
       0
       0
       0
       0
       0
       0
       2
       0
       1
       0
       0
       0
       0
       0
       0
       0
       2
       1
       0
       0
       0
       0
       0
       0
       0
       1
       0
       0
       0
       0
       0
       0
       0
       0
       1
       0
       0
       0
       0
       0
       0
       0
       0
       0
       0
       0
       0
       0
       0
       0
       1
       0
       1
       0
       0
       1
       0
       0
       0
       0
       0
       0
       0
       0
       1
       1
       0
       1
       0
       0
       0
       0
       1
       0
       0
       0
       1
       0
       1
       0
       1
       0
       0
       0
       1
       0
       0
       1
       1
       1
       1
       2
       1
       1
       0
       1
       2
       0
       0
       1
       1
       2
       0
       2
       1
       2
       1
       0
       1
       1
       1
       1
       4
       2
       0
       0
       2
       1
       0
       2
       2
       0
       5
       1
       3
       4
       1
       1
       3
       1
       1
       2
       0
       1
       4
       1
       3
       2
       1
       6
       3
       2
       2
       3
       2
       3
       5
       2
       1
       2
       4
       2
       4
       2
       4
       4
       2
       0
       3
       0
       3
       2
       2
       1
       3
       2
       2
       0
       4
       4
       2
       3
       2
       3
       1
       6
       2
       2
       4
       5
       2
       3
       1
       4
       4
       5
       3
       3
       2
       3
       3
       3
       2
       9
       4
       2
       9
       2
       2
       9
       4
       3
       2
       3
       3
       3
       5
       4
       2
       2
       5
       2
       4
       3
       1
       2
       2
       0
       2
       1
       0
       1
       0
       0
       0
       0
       0
       0
       0
       0
       0
       0
       0
       0
       0
       0
       1
       0
       0
       0
       0
       0
       0
       0
       0
       0
       0
       0
       0
       0
       0
       0
       0
       0
       0
       0
       0
       0
       0
       0
       0
       0
       0
       0
       0
       0
       0
       0
       0
       0
       0
       0
       0
       0
       1
       0
       2
       0
       1
       0
       0
       0
       0
       0
       0
       0
       0
       0
       0
       0
       0
       0
       0
       0
       0
       0
       0
       0
       0
       0
       0
       0
       0
       0
       0
       0
       0
       0
       0
       0
       0
       0
       0
       0
       0
       0
       0
       0
       1
       0
       0
       0
       0
       0
       0
       0
       0
       0
       0
       0
       0
       0
       0
       0
       0
       1
       0
       0
       0
       0
       1
       0
       0
       0
       0
       0
       0
       0
       0
       0
       0
       0
       0
       0
       0
       0
       0
       0
       0
       0
       1
       0
       0
       0
       0
       0
       0
       0
       0
       1
       0
       0
       1
       0
       0
       0
       0
       0
       0
       0
       1
       0
       0
       0
       0
       0
       0
       0
       0
       0
       0
       0
       0
       0
       0
       0
       0
       1
       0
       0
       0
       0
       0
       0
       0
       0
       0
       0
       0
       0
       0
       0
       0
       0
       0
       0
       0
       0
       1
       0
       0
       0
       0
       0
       1
       0
       1
       0
       1
       0
       0
       1
       0
       0
       0
       0
       0
       0
       0
       0
       0
       0
       0
       0
       0
       0
       0
       0
       0
       0
       0
       0
       0
       0
       0
       0
       0
       0
       0
       0
       0
       0
       0
       0
       0
       0
       0
       0
       0
       0
       0
       0
       0
       0
       0
       0
       0
       0
       0
       0
       0
       1
       0
       0
       0
       1
       1
       0
       0
       0
       1
       0
       1
       0
       0
       0
       0
       0
       0
       0
       0
       0
       0
       1
       0
       0
       0
       0
       0
       1
       0
       1
       0
       0
       0
       0
       0
       0
       0
       0
       0
       0
       0
       0
       0
       0
       0
       0
       0
$ENER_FIT:
1.129543 0.332189283