$SPEC_ID:
No sample description was entered.
$SPEC_REM:
DET# 2
DETDESC# RoofTopBEGE
AP# GammaVision Version 6.09
$DATE_MEA:
02-19-2026 11:8:58
$MEAS_TIM:
10800.0 10800.0
$DATA:
1 8192
      30
      42
     562
    5439
    7334
    4181
    2137
    1377
     288
     636
    1158
    1368
    1596
    1732
    1700
    1428
    1471
    1629
     979
     771
     694
     653
     569
     568
     597
     583
     596
     490
     483
     475
     437
     386
     434
     413
     350
     324
     340
     315
     345
     376
     353
     287
     279
     273
     304
     261
     273
     247
     265
     254
     276
     220
     250
     193
     245
     226
     227
     235
     216
     226
     230
     212
     215
     207
     204
     220
     229
     210
     231
     195
     237
     224
     250
     261
     305
     310
     358
     332
     396
     442
     412
     373
     380
     369
     410
     404
     385
     382
     417
     348
     401
     387
     416
     420
     446
     408
     420
     403
     416
     428
     427
     412
     405
     407
     441
     408
     398
     449
     424
     390
     445
     379
     455
     417
     402
     416
     414
     431
     427
     419
     454
     429
     411
     396
     450
     450
     480
     457
     472
     460
     473
     439
     463
     463
     462
     442
     465
     470
     488
     532
     549
     529
     475
     478
     507
     503
     509
     502
     511
     478
     516
     526
     518
     536
     537
     542
     565
     576
     584
     577
     590
     575
     611
     577
     595
     571
     589
     602
     627
     705
     908
     869
     809
     694
     670
     673
     654
     616
     678
     646
     673
     642
     711
     676
     727
     678
     729
     716
     747
     745
     781
     729
     746
     730
     703
     702
     750
     730
     742
     712
     728
     757
     806
     816
     821
     785
     763
     742
     859
     807
     834
     825
     900
     842
     871
     843
     914
     879
     941
     909
     934
     892
     934
     935
     924
     935
     927
     874
     993
     966
     981
    1024
     998
     935
     903
     890
     945
     968
     913
     892
     949
     949
     945
     942
     923
     960
     940
     976
     985
     981
     996
    1007
    1070
    1042
    1000
    1012
    1004
     982
    1049
     975
    1007
    1020
     984
     996
     999
    1023
    1006
     964
    1031
    1037
    1006
     994
    1051
    1059
    1036
    1015
    1048
    1059
    1053
    1015
    1030
     997
    1018
    1000
    1054
     994
    1046
     962
     987
    1001
    1025
    1009
     995
    1045
    1005
     990
    1028
     988
     981
    1000
     961
     958
    1043
    1020
     983
     981
     965
     983
    1019
    1013
     999
    1000
     997
    1007
    1027
    1050
     970
     960
     947
     975
    1025
    1021
     984
     974
    1013
     938
    1012
     977
     995
    1023
     980
     996
    1018
     988
     997
     961
     954
     995
     982
     989
    1007
     959
     953
     959
     949
     955
    1008
     921
     999
     967
     942
     969
     999
     972
     966
     921
     971
     986
     944
     975
     954
     952
     939
     937
     953
     919
     955
     930
     971
     929
     949
     892
     961
     923
     912
     912
     874
     863
     900
     940
     902
     907
     953
     924
     862
     871
     917
     908
     915
     899
     930
     893
     875
     883
     826
     875
     865
     885
     875
     850
     862
     843
     833
     808
     857
     840
     858
     846
     847
     860
     825
     812
     835
     799
     829
     817
     828
     782
     819
     794
     756
     757
     785
     781
     781
     788
     783
     743
     760
     825
     769
     767
     805
     772
     794
     734
     773
     766
     761
     744
     765
     738
     723
     725
     706
     730
     814
     763
     783
     780
     755
     740
     726
     722
     743
     722
     713
     729
     694
     700
     700
     710
     734
     682
     687
     668
     723
     708
     705
     677
     642
     669
     697
     669
     676
     655
     666
     621
     677
     636
     688
     658
     657
     641
     646
     643
     686
     624
     639
     627
     652
     642
     637
     632
     655
     641
     655
     646
     628
     602
     642
     650
     666
     617
     586
     567
     608
     628
     592
     566
     591
     591
     587
     592
     645
     590
     599
     598
     604
     567
     582
     571
     577
     570
     581
     576
     583
     584
     591
     577
     554
     588
     571
     552
     596
     582
     580
     560
     572
     580
     569
     532
     567
     531
     535
     565
     563
     556
     527
     509
     567
     564
     534
     557
     513
     525
     528
     559
     600
     630
     552
     553
     540
     514
     514
     520
     495
     484
     482
     488
     527
     510
     487
     493
     470
     497
     483
     465
     494
     531
     468
     467
     495
     488
     489
     453
     483
     447
     467
     467
     461
     486
     446
     441
     465
     452
     477
     499
     429
     433
     450
     441
     478
     447
     460
     423
     438
     444
     424
     416
     461
     426
     465
     422
     442
     398
     444
     430
     405
     379
     426
     416
     393
     433
     438
     400
     436
     443
     430
     419
     426
     396
     392
     386
     409
     405
     402
     397
     401
     411
     388
     393
     434
     403
     426
     412
     427
     399
     442
     437
     426
     386
     407
     373
     391
     388
     378
     385
     391
     393
     355
     370
     394
     360
     371
     361
     379
     370
     362
     361
     366
     365
     378
     366
     351
     346
     393
     371
     358
     350
     373
     340
     361
     337
     364
     324
     353
     341
     376
     371
     386
     369
     338
     354
     373
     339
     343
     363
     388
     399
     368
     358
     334
     310
     339
     350
     360
     352
     370
     352
     319
     325
     330
     300
     347
     320
     395
     420
     412
     361
     322
     301
     307
     295
     310
     292
     352
     328
     331
     297
     309
     288
     298
     288
     310
     282
     312
     312
     298
     278
     280
     276
     306
     281
     278
     270
     293
     278
     290
     257
     286
     283
     259
     256
     288
     258
     285
     268
     296
     260
     269
     263
     269
     247
     275
     235
     277
     257
     281
     264
     253
     232
     259
     249
     258
     240
     261
     271
     244
     260
     263
     239
     262
     232
     235
     232
     256
     208
     261
     263
     261
     237
     254
     235
     268
     262
     248
     239
     251
     251
     258
     245
     255
     243
     228
     226
     255
     236
     250
     236
     257
     247
     252
     216
     259
     242
     229
     214
     244
     228
     252
     208
     240
     234
     230
     239
     247
     244
     241
     212
     232
     211
     231
     221
     233
     210
     224
     202
     256
     227
     223
     215
     232
     223
     211
     201
     213
     212
     240
     226
     239
     200
     239
     232
     248
     212
     221
     193
     229
     227
     229
     229
     215
     213
     242
     245
     240
     219
     244
     220
     221
     208
     196
     210
     204
     190
     220
     215
     217
     201
     206
     210
     205
     183
     192
     187
     231
     257
     282
     220
     211
     191
     194
     175
     201
     190
     167
     164
     185
     183
     173
     186
     201
     183
     207
     204
     191
     164
     207
     185
     190
     188
     192
     193
     179
     183
     176
     177
     196
     170
     195
     168
     181
     155
     164
     186
     206
     193
     189
     178
     184
     177
     178
     155
     185
     167
     202
     170
     179
     158
     167
     156
     187
     164
     168
     169
     173
     162
     189
     190
     175
     168
     199
     207
     184
     172
     170
     164
     170
     148
     174
     163
     175
     146
     176
     168
     170
     162
     161
     140
     169
     159
     159
     136
     168
     154
     169
     150
     170
     155
     168
     150
     165
     157
     181
     169
     176
     176
     171
     153
     145
     151
     178
     154
     166
     148
     149
     140
     158
     153
     138
     158
     163
     137
     162
     124
     174
     163
     155
     140
     155
     141
     155
     147
     147
     155
     175
     176
     180
     159
     166
     138
     177
     164
     172
     147
     161
     147
     176
     172
     181
     188
     175
     170
     191
     165
     180
     165
     161
     163
     164
     154
     165
     130
     162
     150
     153
     155
     148
     121
     118
     138
     150
     125
     155
     156
     178
     199
     242
     234
     203
     156
     137
     129
     139
     123
     151
     138
     124
     117
     147
     132
     132
     119
     118
     120
     126
     127
     134
     122
     136
     127
     139
     122
     140
     114
     132
     126
     114
     113
     136
     144
     131
     109
     144
     121
     128
     129
     136
     129
     119
     103
     123
      97
     140
     126
     126
      97
     137
     114
     114
     111
     129
     109
     121
     133
     119
     112
     123
     104
     119
     106
     117
     111
     129
     120
     126
     118
     142
     119
     127
     114
     132
     105
     116
     100
     128
     113
     105
     100
     122
     108
     105
     105
     117
     107
     116
     106
     112
     116
     117
     120
     103
     107
     125
     117
     120
     113
     129
     110
     125
     108
     111
     100
     131
     127
     103
     114
     107
      97
     112
     102
     131
     125
     117
     111
     120
     108
     124
     100
     115
     120
     111
     100
     115
      99
     109
      99
     106
      91
     122
      99
     108
      96
     105
     104
     116
     102
      99
      85
      98
     103
     122
     114
     121
     106
     111
      95
     104
      94
     106
      92
     116
      93
      99
     100
     115
      95
     112
     105
     101
      98
      97
      83
     121
      99
      96
      93
     114
      96
     123
     101
     120
     109
      94
     100
     109
     109
     101
      91
     103
      81
      97
      77
     126
      95
     117
     106
      98
      78
      99
      89
      96
      73
     105
     100
     109
      90
     111
      93
     103
     101
     101
      80
     103
      91
     105
      79
     102
      97
     108
      98
      80
      88
     103
      73
      96
      99
      98
     104
     107
      95
     106
      98
      91
      93
      99
      76
     107
      97
     102
      96
      86
      87
      88
      80
     103
     105
      99
      86
      93
      71
      95
      87
      97
      86
     100
      87
      92
      80
      85
      82
      86
      68
      79
      79
      88
      82
      86
      82
     106
      89
      91
      62
     106
      76
      98
      87
      86
      77
      99
      73
      94
      87
      86
      92
      80
      70
      99
      84
      93
      72
      93
      78
      74
      84
      97
      82
      83
      84
      89
      76
      86
      65
      89
      88
      89
      75
     106
      80
      84
      78
      98
      73
      70
      61
      75
      61
      84
      63
      74
      67
      90
      79
      87
      79
     104
      96
      84
      77
     100
      87
      90
      80
      93
      68
      84
      76
      89
      74
      93
      83
      98
      80
      86
      69
      93
      80
      89
      90
      82
      72
      69
      66
      79
      68
      90
      74
      78
      65
      85
      61
      77
      61
      84
      71
      82
      70
      79
      75
      81
      68
      85
      83
      79
      87
      68
      56
      74
      62
      85
      67
      78
      85
      96
      94
     103
      84
      88
      59
      83
      76
      86
      71
      81
      67
      80
      47
      76
      71
      71
      66
      86
      75
      72
      68
      72
      62
      64
      66
      84
      73
      74
      79
      77
      73
      86
      67
      68
      53
      76
      66
      69
      66
      81
      66
      61
      58
      71
      58
      82
      64
      82
      68
      78
      69
      71
      67
      90
      67
      73
      62
      71
      66
      70
      66
      91
      76
      78
      69
      88
      73
      89
      79
      79
      73
      86
      70
      91
      82
      69
      61
      73
      71
      79
      75
      87
      70
      62
      50
      82
      83
      64
      57
      69
      68
      71
      61
      69
      63
      92
      72
      81
      76
      97
      90
     112
      95
     115
      97
      76
      81
      90
      84
      77
      69
      82
      66
      67
      56
      66
      54
      66
      60
      73
      61
      60
      59
      68
      61
      69
      53
      84
      60
      66
      61
      77
      63
      75
      59
      66
      47
      73
      73
      75
      56
      94
      68
      74
      78
      61
      61
      73
      58
      63
      59
      70
      67
      84
      72
      67
      52
      66
      59
      61
      54
      61
      65
      54
      55
      73
      50
      77
      63
      61
      39
      73
      59
      63
      50
      67
      55
      67
      48
      54
      56
      70
      55
      62
      63
      51
      52
      63
      52
      68
      46
      70
      51
      60
      46
      69
      49
      66
      58
      76
      66
      70
      56
      73
      62
      68
      71
      82
      72
      74
      65
      78
      70
      68
      67
      80
      60
      88
      68
      84
      75
      79
      56
      66
      56
      69
      70
      64
      57
      75
      64
      57
      52
      67
      58
      58
      55
      62
      57
      60
      50
      67
      53
      71
      51
      65
      49
      59
      48
      62
      40
      65
      47
      58
      45
      65
      57
      59
      51
      52
      55
      72
      50
      52
      55
      71
      59
      56
      48
      65
      55
      66
      52
      77
      59
      67
      47
      68
      50
      86
      58
      77
      56
      71
      56
      73
      64
      66
      56
      55
      51
      72
      62
      57
      50
      72
      60
      61
      48
      75
      46
      55
      53
      64
      47
      69
      49
      60
      41
      64
      48
      57
      56
      69
      48
      61
      47
      64
      78
     121
     108
      92
      70
      59
      42
      57
      48
      49
      40
      58
      51
      54
      44
      52
      43
      58
      38
      60
      53
      55
      38
      62
      54
      70
      57
      64
      59
      73
      59
      75
      57
      88
      77
      70
      71
      96
      76
      88
      84
     105
     100
      96
      79
      86
      78
      93
      86
      79
      73
      72
      75
      80
      74
      66
      63
      71
      58
      61
      58
      58
      46
      61
      45
      54
      42
      62
      47
      48
      42
      55
      46
      48
      40
      58
      54
      68
      98
     132
     157
     135
     106
      99
      46
      60
      53
      65
      45
      52
      51
      50
      46
      53
      47
      48
      42
      60
      45
      58
      51
      54
      45
      50
      41
      53
      31
      60
      40
      45
      39
      53
      35
      49
      42
      53
      34
      49
      42
      45
      40
      51
      35
      56
      38
      40
      26
      49
      45
      51
      31
      47
      46
      49
      37
      59
      34
      48
      51
      43
      41
      47
      34
      53
      34
      50
      45
      62
      44
      65
      42
      60
      51
      47
      36
      53
      41
      49
      35
      51
      44
      49
      30
      37
      40
      43
      45
      51
      50
      46
      38
      60
      39
      40
      33
      62
      45
      60
      41
      48
      41
      45
      45
      41
      29
      53
      42
      37
      37
      43
      36
      38
      36
      43
      26
      52
      46
      39
      37
      48
      39
      46
      38
      49
      32
      50
      41
      45
      28
      53
      43
      40
      42
      45
      35
      43
      36
      55
      44
      53
      42
      50
      39
      46
      34
      52
      36
      49
      42
      43
      28
      43
      39
      41
      37
      46
      40
      49
      32
      54
      35
      43
      30
      52
      33
      51
      36
      41
      33
      51
      42
      53
      39
      47
      37
      52
      42
      39
      27
      50
      37
      44
      41
      51
      33
      47
      31
      40
      33
      49
      36
      37
      31
      37
      29
      39
      43
      52
      33
      42
      35
      57
      46
      53
      46
      43
      26
      39
      35
      46
      41
      49
      45
      50
      36
      49
      37
      40
      33
      42
      38
      40
      30
      53
      37
      33
      27
      49
      36
      49
      33
      41
      31
      52
      43
      45
      30
      45
      37
      54
      38
      43
      31
      56
      37
      48
      30
      49
      45
      46
      32
      40
      30
      54
      40
      38
      28
      56
      37
      37
      31
      45
      36
      42
      39
      32
      25
      43
      35
      52
      31
      41
      30
      46
      25
      43
      28
      47
      33
      41
      30
      39
      32
      43
      36
      47
      36
      51
      47
      42
      31
      39
      23
      54
      44
      53
      32
      41
      21
      55
      46
      56
      39
      39
      27
      44
      31
      39
      32
      44
      31
      43
      34
      48
      33
      48
      34
      45
      34
      49
      39
      52
      42
      42
      36
      47
      36
      48
      31
      38
      36
      41
      30
      42
      43
      53
      26
      55
      35
      40
      40
      42
      27
      41
      33
      48
      38
      49
      44
      49
      33
      44
      31
      52
      47
      56
      52
      49
      32
      35
      27
      36
      26
      49
      38
      39
      34
      39
      26
      36
      24
      41
      32
      48
      35
      41
      34
      35
      37
      41
      23
      36
      25
      33
      39
      45
      22
      37
      29
      50
      36
      40
      31
      38
      25
      48
      36
      41
      21
      41
      28
      53
      36
      41
      36
      44
      45
      33
      20
      47
      31
      37
      29
      44
      32
      51
      39
      53
      31
      46
      33
      30
      30
      41
      28
      40
      35
      36
      28
      47
      28
      40
      38
      30
      21
      41
      26
      49
      30
      40
      27
      38
      36
      57
      36
      38
      22
      45
      35
      41
      35
      41
      34
      34
      33
      40
      37
      44
      33
      39
      29
      47
      27
      37
      28
      34
      34
      36
      24
      49
      29
      36
      34
      45
      32
      53
      47
      52
      44
      43
      27
      49
      28
      40
      33
      35
      23
      39
      38
      56
      41
      35
      28
      43
      29
      36
      32
      36
      27
      37
      30
      42
      27
      36
      26
      42
      26
      45
      36
      45
      32
      39
      30
      48
      22
      37
      27
      50
      33
      46
      38
      38
      28
      38
      27
      43
      26
      39
      30
      43
      35
      36
      30
      43
      41
      34
      34
      32
      21
      38
      32
      32
      22
      39
      29
      40
      26
      44
      36
      44
      35
      38
      26
      30
      22
      36
      22
      41
      30
      44
      24
      42
      21
      34
      22
      36
      24
      33
      23
      30
      17
      30
      29
      38
      28
      41
      17
      34
      27
      39
      23
      25
      14
      36
      32
      35
      21
      39
      23
      37
      26
      42
      27
      38
      28
      40
      31
      34
      33
      29
      21
      41
      29
      41
      23
      33
      25
      38
      20
      32
      22
      30
      24
      44
      28
      35
      29
      38
      33
      37
      20
      34
      26
      35
      33
      37
      23
      41
      21
      40
      21
      40
      21
      36
      26
      43
      38
      36
      28
      38
      25
      40
      23
      39
      23
      43
      36
      36
      21
      34
      26
      32
      29
      36
      24
      35
      20
      28
      20
      44
      29
      40
      32
      38
      35
      40
      31
      35
      24
      39
      29
      22
      15
      36
      32
      35
      23
      38
      29
      34
      27
      27
      19
      37
      24
      34
      35
      32
      36
      35
      29
      31
      27
      31
      16
      31
      25
      33
      25
      29
      20
      46
      31
      35
      21
      23
      16
      38
      20
      36
      26
      36
      27
      32
      27
      33
      26
      28
      15
      37
      27
      32
      20
      30
      19
      33
      21
      28
      25
      37
      24
      38
      27
      26
      23
      26
      27
      37
      26
      26
      23
      30
      25
      33
      22
      28
      29
      36
      13
      47
      36
      35
      25
      37
      33
      38
      27
      41
      32
      37
      34
      40
      20
      38
      19
      36
      25
      37
      25
      27
      25
      34
      29
      33
      26
      28
      17
      25
      29
      34
      14
      41
      29
      30
      29
      36
      21
      32
      17
      29
      32
      31
      21
      40
      28
      39
      17
      38
      23
      30
      19
      44
      30
      35
      25
      31
      24
      35
      32
      30
      25
      30
      19
      36
      23
      33
      24
      31
      23
      33
      19
      36
      28
      25
      24
      24
      22
      35
      21
      35
      28
      41
      22
      29
      24
      29
      21
      41
      17
      27
      13
      29
      25
      29
      19
      35
      20
      35
      21
      30
      23
      30
      21
      32
      25
      34
      21
      27
      21
      30
      27
      31
      34
      30
      30
      32
      25
      31
      26
      35
      27
      27
      22
      36
      21
      37
      37
      34
      27
      44
      34
      33
      34
      47
      36
      35
      17
      35
      28
      33
      20
      29
      26
      34
      28
      36
      28
      26
      21
      36
      19
      38
      22
      34
      35
      36
      43
      51
      65
      73
      50
      56
      31
      37
      18
      31
      24
      30
      16
      25
      29
      18
      23
      30
      25
      28
      25
      31
      17
      34
      18
      27
      13
      29
      18
      35
      20
      27
      16
      22
      15
      29
      19
      28
      16
      31
      17
      31
      28
      29
      11
      37
      19
      24
      20
      33
      16
      26
      17
      31
      18
      26
      19
      33
      17
      30
      23
      31
      16
      34
      16
      22
      24
      35
      27
      30
      24
      33
      25
      34
      23
      33
      27
      38
      24
      34
      26
      25
      18
      33
      19
      32
      22
      31
      23
      34
      28
      46
      15
      26
      19
      35
      28
      27
      12
      30
      18
      29
      17
      33
      13
      35
      19
      32
      20
      34
      22
      29
      17
      29
      26
      34
      16
      33
      28
      26
      18
      24
      13
      29
      21
      22
      23
      30
      23
      30
      20
      33
      20
      26
      16
      28
      25
      30
      18
      35
      22
      32
      25
      27
      16
      26
      18
      30
      25
      25
      22
      30
      19
      26
      28
      25
      20
      34
      24
      26
      21
      36
      32
      31
      29
      40
      25
      31
      19
      30
      23
      27
      28
      33
      36
      49
      36
      54
      41
      47
      27
      30
      25
      29
      25
      25
      16
      25
      18
      28
      21
      29
      21
      22
      15
      27
      14
      26
       7
      32
      26
      30
      23
      31
      21
      23
      15
      27
      29
      26
      15
      34
      25
      23
      14
      21
      18
      25
      19
      29
      14
      23
      21
      26
      16
      22
      14
      32
      17
      29
      20
      22
      15
      26
      21
      25
       8
      27
      12
      25
      14
      33
      26
      29
      18
      29
      21
      23
      19
      24
      19
      23
      22
      22
      16
      29
      15
      23
      11
      21
      16
      28
      21
      27
      23
      23
      13
      32
      20
      29
      23
      27
      23
      36
      26
      31
      18
      28
      12
      30
      19
      30
      19
      22
      20
      25
      19
      30
      13
      30
      19
      22
      14
      29
      21
      22
      11
      30
      18
      29
      27
      34
      20
      30
      27
      28
      17
      29
      19
      22
      19
      31
      20
      26
      12
      29
      17
      26
      18
      28
      20
      31
      18
      26
      13
      29
      17
      25
      31
      26
      28
      28
      17
      27
      18
      24
      14
      23
      11
      30
      13
      23
      13
      26
      15
      21
      20
      34
      19
      30
      23
      26
      13
      25
      16
      27
      13
      30
      19
      24
      16
      28
      25
      18
      17
      19
      14
      21
      10
      27
      21
      32
      16
      30
      18
      20
      14
      24
      19
      26
       8
      26
      17
      21
      17
      23
      15
      27
      15
      21
      23
      28
      13
      24
      19
      28
      17
      18
      11
      28
      21
      30
      14
      18
      12
      31
      18
      29
      18
      27
      21
      22
      13
      28
      21
      33
      14
      23
      11
      17
      10
      30
      19
      29
      19
      29
      18
      25
      16
      32
      14
      23
      17
      20
      17
      27
      22
      30
      18
      30
      16
      23
      13
      24
      11
      25
       7
      25
      12
      30
      21
      23
      22
      28
      17
      27
      18
      32
      26
      29
      21
      21
      14
      28
      24
      23
      25
      33
      18
      27
      11
      24
      19
      30
      20
      25
      18
      26
      18
      26
      20
      33
      20
      24
      15
      27
      14
      23
      15
      26
      13
      24
      16
      21
      12
      25
      20
      29
      20
      23
       9
      21
      15
      27
      24
      24
      11
      29
      24
      25
      12
      22
      17
      20
      18
      22
      11
      21
      15
      22
      15
      31
      18
      29
      15
      26
      13
      24
      21
      23
      18
      25
      18
      28
      14
      24
      21
      23
      12
      35
      17
      18
      15
      25
      15
      18
      13
      25
      13
      23
      17
      29
      10
      22
      17
      29
      16
      23
      18
      27
      16
      32
      20
      26
      14
      23
      13
      28
      23
      28
      24
      26
      12
      30
      22
      27
      13
      35
      13
      32
      22
      30
      25
      19
      18
      30
      20
      28
      19
      29
      18
      27
      11
      23
      19
      29
      20
      27
      14
      35
      16
      29
      24
      29
      22
      24
      19
      26
      23
      32
      18
      31
      24
      28
      19
      25
      14
      28
      20
      30
      22
      29
      23
      26
      22
      31
      26
      31
      28
      38
      32
      48
      37
      45
      30
      51
      22
      35
      15
      25
      23
      27
      18
      27
      24
      23
      22
      29
      25
      24
      21
      25
      16
      27
      14
      27
      20
      30
      23
      30
      19
      26
      25
      31
      18
      26
      18
      28
      21
      16
      10
      19
      18
      32
      18
      26
      12
      29
      13
      24
      16
      32
      29
      17
      16
      20
      12
      29
      15
      30
      21
      28
      18
      31
      13
      25
      18
      26
      15
      23
      18
      20
      17
      22
      14
      28
      12
      23
      12
      25
      10
      22
      11
      15
      11
      27
      24
      32
      14
      27
      22
      26
      14
      24
      19
      27
      10
      21
      13
      17
      10
      25
      14
      26
      14
      33
      20
      27
      17
      28
      14
      25
      22
      24
      17
      29
      15
      23
      19
      18
      14
      27
      25
      29
      14
      22
      20
      20
      11
      19
       9
      21
      19
      26
       9
      20
      21
      28
      15
      22
      19
      20
      16
      25
      15
      30
      15
      23
      11
      19
      18
      17
      19
      28
      15
      23
      16
      24
      12
      21
      13
      25
      17
      26
      18
      25
      16
      23
      16
      31
      17
      15
      17
      18
      11
      24
      15
      22
      10
      16
      14
      22
      11
      18
      21
      27
      21
       9
      11
      27
      14
      26
       8
      24
      15
      20
      17
      20
      17
      25
      12
      24
      10
      23
      17
      18
       9
      28
      22
      25
       8
      24
      11
      24
      10
      14
      11
      22
      11
      16
      14
      23
      21
      28
      15
      23
       9
      22
      17
      24
      17
      15
      15
      23
      16
      26
      11
      23
       7
      28
      10
      21
      16
      17
      17
      33
      16
      23
      10
      23
      13
      19
      16
      23
      15
      22
      11
      23
      13
      17
       9
      20
      18
      20
      12
      25
      16
      23
       9
      23
      21
      26
      14
      17
      11
      26
      21
      25
      19
      29
      19
      29
      17
      24
      13
      26
      17
      19
       9
      38
      16
      21
      17
      28
      17
      16
      15
      17
      19
      24
      20
      27
      11
      20
       7
      29
      13
      20
      10
      19
      14
      21
      10
      20
      13
      31
      15
      15
       9
      20
      23
      17
      15
      23
      15
      21
      11
      26
      12
      22
      16
      22
      10
      29
      16
      20
      15
      22
      20
      28
      11
      19
      10
      28
      12
      28
      14
      21
      15
      32
      22
      29
      11
      32
      27
      25
      25
      28
      16
      36
      18
      19
      16
      24
      12
      21
       8
      24
      15
      22
      10
      16
      14
      26
      10
      20
      16
      21
      14
      23
      10
      22
      11
      26
      10
      18
      12
      16
      12
      18
      19
      24
      13
      14
      12
      22
      17
      26
      16
      19
      22
      23
      17
      23
      13
      19
       7
      20
       7
      22
      12
      13
      11
      15
       6
      28
      15
      23
      13
      24
       9
      18
      15
      17
       6
      20
      12
      21
      10
      21
      11
      16
       8
      18
      10
      18
      16
      20
      11
      22
      12
      14
       7
      20
       8
      18
      13
      14
      11
      26
      13
      20
       7
      24
      15
      20
       7
      21
      15
      14
       9
      13
       4
      21
      15
      22
       9
      20
      10
      32
      13
      22
       8
      18
      10
      24
      10
      15
       8
      16
       9
      12
      11
      19
      14
      14
      14
      22
      14
      16
      14
      19
       3
      23
      11
      23
       9
      19
      11
      14
       7
      16
      15
      12
       7
      18
       7
      16
       6
      17
      10
      13
      12
      18
       9
      18
      16
      21
       9
      15
       5
      17
       8
      15
      10
      19
      12
      20
       9
      18
       7
      25
       8
      17
       6
      16
       9
      26
      10
      14
       7
      21
      17
      12
       9
      17
       8
      18
      20
      20
       6
      13
       7
      15
      11
      17
       9
      16
       7
      18
       8
      16
       8
      17
       4
      27
      12
      21
       9
      22
      13
      21
      16
      28
      15
      29
      14
      21
      13
      30
      21
      30
      18
      29
      22
      31
      23
      31
      25
      28
      17
      23
      13
      30
      16
      30
      18
      31
      22
      31
      20
      30
      19
      35
      23
      40
      34
      44
      27
      38
      25
      43
      30
      29
      22
      28
      22
      28
      17
      22
      14
      29
      18
      16
      18
      25
      12
      14
      11
      22
      16
      18
       8
      12
       7
      18
       9
      12
       5
      18
      11
      13
      11
      13
      10
      14
       5
      13
       7
      20
       6
      14
       7
      15
       5
      17
       5
      14
       4
      18
      15
      14
       7
       9
       5
      18
       7
      14
       5
      11
       7
      13
       6
      11
       9
      13
       7
      17
       5
       9
       7
      19
       7
      15
       5
       7
       3
      15
       3
      14
       3
      10
       9
      11
       3
      14
       7
      12
       3
      12
       7
      14
       2
      14
       9
      10
       3
      12
       8
      12
       4
      12
       7
      12
       3
      11
       4
      14
       6
      15
       7
      16
       8
      14
       8
      13
      10
      13
       7
       9
      10
       6
       6
       7
       8
      12
       8
      11
       8
      11
       5
      11
       6
      13
      11
      18
       9
      17
       7
      14
       3
      11
      10
      16
       5
      11
      10
      11
       3
      12
       6
      14
       4
       6
       7
      11
       4
      12
       6
      11
       5
      15
       6
      10
       7
      14
       7
      18
       6
      14
       6
      16
       6
      11
       2
      12
       4
       8
       4
      14
       7
       8
       3
      18
       6
      14
       3
      14
       2
      17
       9
      17
       9
      12
       8
      13
       5
      11
       8
      12
       6
       7
       3
      16
       6
       7
       3
      16
      10
       6
       6
       9
       4
      12
       6
      15
       5
      15
       4
      11
       6
      14
       6
      14
       7
      10
       7
      16
       5
      16
       9
      10
       6
      13
       6
      11
       3
      10
       3
      13
       6
      15
       7
       8
       6
      10
       5
      12
       7
      10
       3
      12
       4
      10
       4
      17
       4
      12
       9
      21
       9
      18
       9
      14
       9
       9
       8
       9
       2
       6
       2
      10
       5
      11
       4
      10
       7
       8
      12
       7
       3
       9
       4
      16
       4
       5
       1
      12
       5
       9
       4
      11
       5
      12
       4
       9
       4
      14
       7
      10
       4
      12
       3
      17
       7
      14
       5
      11
       6
      12
       7
       8
       4
      13
       4
       7
       6
      13
       4
       7
       7
       9
       5
      14
       6
       3
       1
      13
       1
      10
       5
       6
       2
      11
       3
      15
       6
       9
       3
      12
       6
       8
       4
      13
       2
      11
       7
      10
       3
      10
       5
       6
       5
       7
       8
       9
       5
       8
       4
      11
      10
      16
       8
      12
       4
       6
       4
       5
       6
      14
       8
      11
       8
      13
       5
       6
       5
       9
       4
      12
       4
      10
       3
      10
       2
       7
       2
       9
       4
      11
       4
      13
       7
      10
       2
       8
       2
      11
       5
       9
       5
      12
       4
      13
       7
      12
       5
      14
       8
      20
      22
      31
      55
      86
     124
     201
     211
     246
     213
     159
     121
      89
      47
      45
      19
      19
       9
      11
       6
      13
       3
      10
       2
      14
       7
       9
       4
       9
       8
      16
      10
       9
       3
       7
       1
       6
       6
      15
       5
      10
       4
      10
       4
      10
       2
       7
       3
      10
       1
      14
       6
      13
       3
      15
       4
      14
       7
      13
       4
      11
       6
      16
       4
      13
       8
      11
       7
       7
       6
      15
       6
      13
       9
      11
       6
      10
       6
       7
       6
      10
       7
       8
       4
      10
       5
      14
       6
      13
       5
      10
       8
      10
       5
      12
       7
      14
       8
      14
       7
      10
       7
       8
       1
      11
       7
      12
       5
      10
       5
      16
       9
      17
       6
       9
       5
       7
       5
      10
       5
      10
       4
      14
       6
      11
       7
       9
       6
       9
       4
      11
       3
      15
       6
       8
       3
      14
       4
      14
       6
      16
       8
      11
       8
      14
       8
      16
       7
      15
       9
      16
      10
      22
      12
      20
      17
      26
      12
      15
      10
      18
       9
      20
      12
      21
      13
      14
       8
      16
       9
      18
      14
      22
      11
      19
      12
      17
      13
      17
      11
      14
      11
      18
       8
      22
      14
      13
      12
      19
      10
      21
       8
      20
       9
      13
       7
      14
       8
      18
      10
      18
      12
      14
      14
      21
      13
      11
       7
      17
      12
      15
       9
      19
       5
      11
       9
      15
       8
      17
      10
      17
       8
      13
      10
       9
       5
      14
       5
      13
       7
      12
       8
      17
       8
      10
       4
       9
       5
      13
       6
      14
       6
      16
       9
       9
       4
      13
       4
      10
       2
      11
       6
       8
       1
       8
       4
      13
       5
       6
       4
       9
       3
      14
       5
       7
       3
      15
       3
      10
       3
      10
       1
      14
       2
       9
       3
       8
       6
      10
       5
       7
       1
       8
       5
       7
       2
       7
       3
      11
       6
       8
       4
      11
       2
       6
       3
      12
       3
      12
       1
       6
       2
       9
       4
       9
       3
       8
       4
       9
       1
      10
       2
       6
       0
       8
       4
       8
       3
      10
       2
       4
       2
      12
       2
       9
       2
       5
       4
       8
       3
       8
       6
      14
       6
       9
       3
      11
       3
      10
       3
       5
       3
       6
       2
      10
       6
      10
       2
       9
       3
       4
       1
       6
       4
       6
       2
       7
       1
       7
       3
      10
       1
      11
       4
       6
       2
       7
       5
       9
       6
      11
       4
      12
       1
       8
       1
       8
       5
      10
       5
      11
       4
       7
       4
       6
       2
       9
       4
       9
       8
       9
       7
      13
       4
      14
       5
       9
       4
      11
       4
      16
       7
      17
       8
      13
       8
      15
       6
       6
      10
      17
       8
       7
       2
       4
       3
       8
       4
       9
       4
      14
       3
       9
       2
       7
       2
      11
       5
       4
       3
      10
       3
       9
       1
       5
       1
       9
       4
       8
       1
       7
       4
       7
       2
      10
       3
       3
       1
       3
       4
       4
       5
       9
       1
      11
       3
       3
       2
       7
       0
       4
       2
       5
       5
       7
       3
       4
       5
       7
       1
       8
       0
       5
       1
       7
       5
       5
       1
       5
       3
       8
       2
       5
       2
       5
       0
       5
       1
       7
       2
      10
       3
       8
       1
       7
       2
       6
       1
       9
       1
       6
       2
       9
       4
       4
       0
       6
       1
      13
       1
       7
       7
       7
       3
       2
       4
       6
       2
      11
       5
       9
       3
       5
       3
      11
       0
       7
       0
       7
       0
       4
       1
       1
       3
       8
       3
       4
       2
       5
       2
       4
       0
       3
       2
       6
       4
       4
       2
       4
       1
       8
       0
       5
       5
       8
       3
       2
       2
       8
       0
       8
       2
       4
       1
       4
       2
      10
       2
       5
       6
       8
       4
       9
       1
       9
       1
       7
       4
       6
       1
       6
       2
       7
       2
       9
       2
       4
       2
       7
       5
       6
       4
       5
       4
       6
       3
       4
       8
       7
       0
       5
       4
       5
       3
       6
       3
      10
       6
       8
       3
       8
       4
      11
       2
       5
       5
       8
       2
      10
       0
       8
       4
       9
       3
       7
       1
       2
       1
       6
       1
       4
       3
       9
       5
       3
       2
       4
       3
       8
       1
       9
       4
       7
       2
       7
       2
      10
       1
       9
       2
       6
       3
       7
       2
       8
       2
       6
       4
       6
       6
       7
       1
       2
       2
       5
       2
       9
       2
       7
       1
       6
       2
       8
       2
       4
       4
       8
       0
       6
       0
       9
       2
       5
       2
       6
       0
       8
       0
       7
       1
       5
       1
       6
       2
       3
       3
       6
       5
       7
       1
       7
       1
       4
       3
       7
       5
       4
       4
       5
       3
       5
       1
       7
       0
       8
       2
       7
       1
      10
       1
       5
       3
       6
       3
       4
       2
       8
       2
       6
       2
       5
       1
       7
       1
       9
       0
       9
       3
       4
       1
       6
       2
       4
       2
       7
       2
       7
       6
       7
       2
       5
       1
       5
       2
       3
       5
       3
       1
       5
       3
       8
       2
       5
       1
       4
       3
       7
       2
       5
       3
       4
       1
       9
       1
       4
       2
       6
       2
       4
       1
       7
       2
       5
       1
       5
       0
      10
       0
       5
       3
       6
       3
       6
       2
       5
       3
       4
       0
       8
       3
       5
       0
       1
       4
       6
       2
       7
       0
       3
       1
       7
       3
       5
       4
       8
       6
       7
       5
       7
       1
       3
       2
       5
       1
       7
       0
       5
       0
       4
       5
       9
       3
       4
       0
       5
       3
       1
       1
       3
       1
       6
       6
       8
       2
       5
       1
       7
       2
       8
       2
       2
       2
       4
       1
       5
       1
       2
       2
       1
       0
       5
       1
       4
       0
      11
       3
       2
       1
       2
       0
       2
       1
       5
       2
       8
       0
       5
       2
       6
       2
       3
       2
       1
       2
       6
       2
       6
       1
       6
       3
       9
       2
       9
       3
       7
       0
       9
       2
       4
       2
       8
       2
      10
       0
       2
       0
       5
       1
       6
       1
       0
       5
      10
       4
       3
       1
       9
       4
      12
      16
      19
      22
      23
      19
      19
      13
      12
       7
       7
       5
       4
       1
       1
       3
       5
       5
       7
       0
       4
       0
       5
       2
       9
       2
       6
       0
       5
       0
       9
       3
       4
       3
       7
       1
       8
       2
       4
       1
       6
       4
       4
       0
       4
       1
       3
       2
       3
       1
       9
       2
       4
       2
       6
       2
      10
       1
       8
       2
       5
       0
       4
       0
       9
       2
       1
       0
       4
       0
       4
       2
       3
       3
       9
       3
       5
       2
       2
       1
       3
       2
       5
       2
       6
       2
       5
       2
       4
       1
       6
       2
       5
       1
       6
       2
       5
       1
       4
       1
       6
       1
       3
       0
       5
       1
       8
       1
       3
       0
       4
       0
       2
       0
       2
       1
       7
       3
       6
       2
       3
       0
       6
       0
       4
       1
       7
       1
       3
       2
       6
       1
       4
       2
       9
       4
       5
       1
       6
       5
       2
       0
       4
       2
       4
       0
       5
       1
       8
       5
       5
       0
       3
       1
       5
       0
       4
       3
       1
       3
       5
       3
       2
       3
       3
       2
       4
       3
       5
       2
       6
       0
       6
       2
       3
       0
       3
       2
       4
       1
       5
       2
       4
       5
      11
       0
       5
       0
       3
       1
       2
       1
       7
       1
       4
       1
       4
       1
       3
       2
       3
       1
       1
       1
       6
       0
       4
       0
       5
       0
       3
       2
       3
       2
       4
       2
       5
       3
       1
       2
       2
       2
       1
       2
       9
       2
       8
       0
       5
       1
       4
       2
       5
       0
      10
       5
       6
       3
       4
       0
       6
       3
       7
       0
       5
       1
       6
       0
       6
       1
       9
       0
       7
       5
       3
       3
       9
       2
       8
       0
       6
       5
       6
       4
       6
       1
       2
       2
       3
       1
       5
       1
       8
       2
       2
       1
       5
       1
       3
       0
       3
       0
       5
       0
       5
       4
       2
       1
       4
       2
       6
       0
       4
       3
       5
       1
       9
       3
       7
       0
       4
       1
       5
       1
       5
       3
       5
       0
       3
       1
       5
       1
       3
       2
       8
       0
       7
       2
       8
       2
       2
       1
       3
       2
       5
       1
       2
       2
       3
       1
       4
       0
       2
       1
       4
       0
       7
       2
       9
       3
       4
       1
       2
       2
       3
       3
       2
       0
       4
       0
       3
       3
       2
       1
       5
       0
       3
       1
       0
       2
       8
       2
       3
       0
       4
       1
       3
       0
       4
       2
       4
       2
       2
       2
       1
       2
       4
       2
       6
       0
       8
       0
       8
       2
       4
       2
       1
       1
       5
       2
       8
       2
       8
       1
       7
       4
       4
       1
       7
       1
       7
       2
      10
       1
       5
       1
       5
       3
      12
       4
       7
       2
       5
       0
       4
       2
       6
       1
       5
       1
       5
       2
       6
       5
       6
       3
       6
       2
       3
       1
       7
       4
       4
       1
       6
       2
       6
       4
       8
       2
       5
       1
       7
       3
       7
       1
       4
       2
       4
       0
       5
       0
       3
       1
       4
       0
       7
       3
       8
       2
       5
       0
       9
       4
       4
       3
       3
       1
       9
       1
       6
       1
       7
       2
       6
       1
       6
       3
       7
       2
       5
       1
      10
       2
       3
       1
       3
       1
       3
       1
       4
       1
       6
       1
       6
       0
       7
       1
       4
       1
       3
       0
       6
       3
       3
       1
       4
       3
       5
       3
       4
       3
       6
       2
       3
       1
       4
       2
       9
       2
       4
       4
       3
       1
       5
       2
       4
       1
       7
       2
       1
       1
       4
       1
       6
       1
       5
       3
       8
       2
       1
       0
       3
       0
       4
       3
       7
       3
       3
       1
       8
       1
       6
       2
       2
       0
       2
       0
       6
       1
       4
       2
       8
       1
       0
       0
       1
       0
       4
       2
       4
       2
       1
       1
       5
       3
       7
       0
       2
       2
       0
       2
       6
       0
       8
       1
       7
       1
       3
       1
       6
       2
       2
       1
       5
       2
       3
       2
       4
       1
       3
       0
       4
       1
       3
       2
       3
       2
       2
       2
       3
       0
       2
       0
       2
       1
       2
       2
       4
       1
       6
       1
       4
       2
       2
       1
       4
       1
       2
       2
       1
       3
       4
       3
       3
       3
       5
       2
       5
       1
       2
       1
       2
       1
       3
       0
       4
       1
       4
       1
       1
       2
       5
       0
       3
       2
       2
       1
       3
       1
       5
       0
       6
       1
       6
       1
       8
       2
       4
       0
       2
       0
       5
       5
       6
       2
       3
       0
       1
       2
       2
       1
       0
       3
       8
       1
       7
       3
       5
       2
       4
       1
       2
       0
       3
       0
       4
       1
       2
       0
       1
       2
       5
       1
       5
       1
       6
       1
       3
       1
       5
       0
       8
       3
       6
       4
       4
       2
       6
       0
       6
       0
       2
       2
       5
       0
       8
       2
       6
       1
       6
       1
       3
       0
       5
       0
       4
       1
       5
       2
       7
       1
       3
       0
       7
       0
       5
       1
       5
       1
       4
       2
       4
       2
       3
       1
       3
       2
       4
       2
       3
       0
       6
       4
       6
       2
       6
       4
       4
       2
       3
       1
       6
       1
       4
       2
       3
       5
       4
       2
       5
       2
       1
       1
       3
       1
       3
       1
       7
       3
       4
       1
       4
       1
       3
       2
       3
       1
       4
       1
       7
       3
       5
       1
       3
       2
       2
       1
       3
       0
       2
       1
       2
       1
       3
       1
       4
       1
       8
       1
       4
       0
       4
       2
       8
       1
       4
       1
       5
       1
       2
       2
       5
       0
       5
       0
       6
       5
       4
       4
       5
       2
       5
       2
       5
       0
       5
       1
       1
       2
       6
       2
       5
       0
       4
       0
       6
       0
       3
       1
       3
       4
       2
       3
       2
       2
       5
       0
       2
       2
       5
       2
       4
       0
      10
       0
       3
       1
       8
       1
       3
       1
       5
       2
       2
       1
       2
       1
       1
       0
       5
       0
       3
       2
       6
       2
       4
       4
       4
       1
       1
       1
       5
       1
       2
       1
       5
       2
       3
       0
       3
       1
       2
       3
       7
       1
       6
       0
       3
       2
       1
       4
       5
       1
       1
       2
       3
       3
       3
       0
       5
       0
       4
       1
       5
       2
       5
       0
       5
       0
      10
       1
       3
       2
       2
       0
       5
       0
       6
       0
       4
       2
       4
       2
       6
       1
       6
       2
       4
       1
       2
       1
       2
       1
       4
       2
       6
       3
       1
       1
       5
       3
       5
       4
       3
       1
       6
       2
       3
       2
       5
       1
       5
       1
       4
       1
       4
       3
       5
       2
       5
       0
       4
       0
       4
       3
       3
       2
       5
       4
      12
       1
       1
       2
       4
       0
       3
       2
       4
       2
       3
       0
       2
       1
       8
       2
       4
       4
       5
       0
       6
       4
       8
       5
      13
       6
       5
       6
       4
       5
       0
       4
       6
       0
       6
       1
       3
       3
       5
       1
       2
       2
       3
       1
       5
       1
       4
       4
       7
       0
       5
       3
       2
       1
       2
       1
       4
       2
       3
       1
       4
       2
       6
       1
       5
       0
       4
       0
       4
       2
       2
       2
       4
       4
       3
       1
       0
       0
       5
       1
       2
       0
       7
       0
       1
       1
       2
       2
       3
       2
       5
       0
       3
       2
       1
       2
       3
       0
       2
       2
       4
       1
       3
       1
       6
       2
       1
       0
       4
       3
       1
       1
       5
       0
       4
       1
       4
       0
       2
       0
       3
       1
       4
       2
       3
       0
       4
       2
       3
       2
       4
       0
       3
       2
       5
       0
       3
       1
       5
       1
       2
       3
       7
       0
       3
       3
       1
       0
       2
       0
       4
       1
       5
       3
       1
       0
       2
       3
       6
       0
       5
       3
       2
       2
       1
       0
       5
       4
       2
       2
       4
       0
       4
       1
       4
       1
       4
       0
       3
       1
       2
       0
       5
       2
       4
       0
       3
       4
       6
       0
       4
       0
       5
       0
       7
       1
       3
       1
       5
       0
       6
       1
       3
       1
       4
       2
       1
       0
       6
       0
       6
       3
       1
       0
       6
       3
       3
       1
       6
       2
       5
       0
       4
       1
       0
       0
       5
       3
       5
       1
       3
       2
       1
       0
       3
       0
       4
       1
       4
       1
       4
       4
       7
       1
       4
       1
       3
       0
       2
       1
       4
       1
       3
       0
       4
       2
       4
       2
       3
       0
       3
       0
       2
       1
       3
       2
       0
       1
       2
       1
       5
       1
       3
       0
       3
       0
       2
       3
       1
       1
       6
       1
       5
       2
       1
       2
       1
       1
       4
       1
       2
       4
       4
       0
       5
       1
       2
       0
       2
       1
       6
       0
       4
       2
       2
       3
       5
       3
       4
       2
       5
       1
       1
       0
       6
       1
       2
       2
       3
       2
       1
       3
       4
       7
      11
       6
      10
       4
      11
       7
      10
       3
       8
       2
       6
       1
       2
       4
       3
       1
       5
       1
       2
       1
       4
       0
       8
       2
       4
       1
       0
       1
       2
       3
       3
       0
       2
       0
       4
       1
       2
       0
       3
       1
       1
       1
       5
       0
       4
       1
       1
       0
       6
       1
       2
       1
       3
       1
       5
       1
       4
       3
       3
       1
       2
       1
       5
       2
       3
       2
       5
       0
       2
       0
       5
       2
       2
       3
       6
       2
       1
       1
       3
       1
       3
       0
       4
       2
       6
       4
       2
       2
       3
       2
       5
       0
       2
       1
       5
       0
       2
       0
       4
       1
       2
       0
       4
       2
       5
       1
       1
       1
       5
       1
       2
       1
       1
       2
       2
       1
       2
       2
       1
       1
       3
       0
       1
       0
       3
       1
       3
       1
       4
       2
       4
       1
       3
       1
       1
       2
       2
       1
       4
       1
       2
       1
       3
       1
       2
       1
       3
       3
       4
       0
       2
       0
       2
       3
       4
       0
       7
       0
       2
       2
       2
       1
       4
       2
       0
       4
       3
       0
       5
       4
       2
       1
       0
       1
       3
       1
       2
       4
       2
       0
       1
       1
       4
       1
       0
       1
       4
       1
       2
       3
       2
       1
       6
       4
       3
       0
       1
       1
       1
       4
       6
       0
       5
       0
       2
       1
       6
       2
       3
       1
       4
       0
       0
       1
       2
       0
       1
       3
       2
       3
       4
       2
       6
       0
       2
       1
       4
       1
       2
       1
       3
       1
       3
       1
       3
       0
       2
       0
       1
       0
       1
       0
       3
       1
       3
       0
       4
       0
       3
       2
       5
       1
       3
       0
       2
       1
       1
       1
       2
       0
       2
       1
       2
       2
       3
       0
       2
       3
       1
       3
       3
       1
       1
       2
       2
       1
       3
       5
       2
       1
       6
       0
       2
       1
       5
       2
       3
       0
       0
       2
       2
       0
       4
       2
       3
       2
       5
       0
       4
       0
       4
       2
       1
       3
       3
       3
       3
       3
       3
       2
       3
       3
       4
       0
       5
       1
       3
       1
       7
       2
       3
       0
       3
       3
       4
       2
       0
       0
       3
       1
       3
       1
       4
       0
       5
       3
       5
       1
       1
       2
       3
       1
       4
       1
       2
       0
       3
       3
       3
       1
       2
       1
       2
       0
       5
       1
       2
       1
       4
       0
       5
       2
       3
       3
       1
       2
       2
       1
       3
       0
       4
       1
       0
       1
       5
       1
       3
       1
       1
       3
       2
       3
       3
       0
       3
       1
       2
       0
       2
       0
       6
       0
       4
       1
       6
       1
       2
       1
       2
       1
       1
       3
       3
       0
       3
       1
       2
       2
       2
       0
       0
       1
       2
       2
       2
       0
       2
       0
       2
       1
       3
       2
       4
       1
       0
       1
       5
       0
       6
       1
       2
       2
       3
       1
       5
       0
       1
       1
       2
       0
       2
       0
       7
       2
       2
       3
       2
       0
       4
       0
       2
       2
       3
       1
       3
       1
       2
       1
       5
       1
       5
       2
       2
       4
       3
       0
       2
       4
       7
       1
       6
       0
       4
       1
       5
       1
       8
       2
       5
       2
       3
       3
       0
       1
       3
       1
       3
       2
       2
       3
       5
       3
       6
       1
       8
       2
       3
       0
       7
       1
       5
       2
       5
       0
       4
       1
       3
       1
       7
       1
       2
       1
       4
       2
      10
       0
       2
       1
       7
       1
       4
       3
       6
       3
       7
       3
       7
       2
       7
       4
       5
       1
       8
       3
       4
       0
      10
       2
       6
       2
       6
       2
      10
       3
       7
       2
       6
       4
       3
       3
       2
       3
       4
       1
       3
       2
       5
       2
       4
       0
       3
       0
       2
       0
       3
       1
       4
       2
       1
       3
       2
       1
       0
       1
       4
       0
       2
       3
       2
       0
       3
       0
       2
       2
       5
       1
       1
       1
       4
       0
       3
       1
       1
       0
       3
       1
       3
       3
       3
       1
       4
       1
       1
       2
       2
       0
       2
       1
       3
       1
       2
       1
       4
       2
       2
       0
       9
       0
       0
       0
       3
       0
       0
       0
       2
       2
       2
       1
       2
       1
       1
       1
       4
       3
       3
       0
       4
       2
       3
       0
       2
       0
       1
       1
       2
       1
       6
       2
       1
       0
       4
       0
       1
       1
       2
       1
       2
       0
       7
       2
       2
       1
       0
       2
       2
       2
       6
       1
       3
       1
       3
       1
       3
       1
       1
       1
       2
       1
       1
       0
       2
       0
       2
       0
       1
       1
       3
       1
       2
       0
       0
       1
       3
       0
       0
       1
       3
       1
       1
       0
       4
       2
       2
       2
       1
       0
       4
       0
       2
       1
       3
       1
       2
       0
       1
       0
       3
       0
       4
       1
       1
       0
       1
       1
       2
       0
       3
       0
       4
       2
       2
       0
       2
       2
       6
       2
       3
       0
       3
       2
       3
       3
       3
       2
       6
       1
       3
       0
       1
       1
       5
       0
       2
       2
       0
       0
       2
       0
       4
       1
       2
       0
       4
       0
       2
       1
       1
       0
       1
       0
       1
       0
       2
       1
       1
       0
       1
       0
       1
       0
       3
       0
       3
       0
       2
       0
       4
       0
       0
       0
       1
       3
       3
       0
       2
       0
       1
       0
       4
       2
       3
       0
       4
       0
       1
       0
       1
       0
       0
       0
       1
       2
       3
       0
       0
       1
       2
       0
       2
       0
       3
       1
       7
       0
       1
       1
       0
       1
       2
       0
       2
       0
       1
       1
       1
       1
       2
       1
       1
       3
       2
       2
       1
       0
       1
       1
       2
       0
       4
       2
       0
       0
       2
       1
       0
       1
       3
       0
       2
       0
       1
       1
       1
       0
       2
       0
       1
       1
       1
       0
       2
       0
       1
       0
       2
       0
       2
       0
       0
       1
       0
       0
       2
       1
       2
       0
       1
       1
       1
       0
       2
       0
       2
       1
       2
       0
       2
       1
       0
       2
       3
       2
       4
       1
       1
       0
       3
       0
       3
       0
       1
       0
       2
       0
       5
       0
       2
       0
       3
       0
       2
       1
       1
       1
       1
       0
       2
       0
       2
       1
       1
       1
       2
       0
       2
       1
       1
       0
       0
       0
       2
       0
       2
       0
       1
       1
       1
       1
       2
       1
       2
       0
       3
       0
       3
       0
       0
       0
       4
       2
       2
       1
       2
       0
       1
       2
       2
       1
       0
       0
       1
       0
       0
       0
       1
       0
       0
       1
       2
       1
       3
       0
       2
       1
       1
       0
       1
       1
       1
       0
       2
       0
       1
       0
       1
       0
       2
       0
       2
       1
       1
       0
       1
       0
       2
       0
       3
       0
       0
       0
       1
       1
       1
       0
       1
       0
       3
       0
       1
       1
       2
       0
       1
       1
       3
       1
       1
       0
       1
       0
       0
       0
       0
       0
       3
       1
       0
       0
       2
       1
       5
       0
       1
       1
       2
       0
       1
       1
       1
       1
       3
       0
       3
       0
       2
       1
       4
       0
       2
       0
       1
       1
       1
       0
       2
       0
       1
       0
       1
       0
       2
       0
       1
       1
       2
       1
       0
       0
       2
       0
       0
       1
       2
       0
       2
       0
       1
       0
       0
       1
       0
       0
       2
       0
       1
       1
       0
       0
       1
       0
       1
       0
       3
       0
       3
       1
       0
       0
       2
       0
       4
       0
       1
       0
       3
       0
       2
       0
       0
       0
       1
       0
       2
       1
       3
       0
       1
       0
       1
       1
       1
       0
       1
       0
       3
       0
       2
       1
       3
       0
       0
       0
       1
       1
       1
       0
       3
       1
       2
       0
       1
       0
       1
       0
       2
       0
       0
       1
       1
       0
       1
       0
       0
       0
       2
       0
       0
       0
       1
       1
       2
       1
       4
       1
       2
       0
       1
       1
       0
       0
       0
       0
       2
       1
       5
       0
       1
       0
       0
       0
       2
       0
       4
       0
       2
       1
       1
       0
       1
       1
       1
       0
       2
       0
       1
       0
       0
       0
       2
       0
       2
       1
       0
       1
       2
       1
       3
       0
       4
       2
       1
       1
       4
       0
       2
       0
       4
       1
       0
       2
       3
       4
      10
       7
      12
      29
      26
      27
      38
      25
      21
      21
      21
      19
      13
       9
       9
       3
       8
       5
       1
       2
       1
       0
       2
       3
       0
       0
       0
       1
       2
       0
       3
       1
       0
       0
       0
       0
       3
       0
       1
       0
       3
       0
       1
       0
       1
       0
       3
       0
       0
       0
       1
       0
       2
       0
       2
       1
       0
       0
       2
       0
       2
       0
       3
       0
       0
       0
       0
       0
       1
       0
       4
       0
       3
       2
       2
       0
       0
       0
       0
       0
       1
       1
       1
       0
       1
       0
       1
       0
       1
       1
       1
       0
       5
       1
       1
       0
       1
       1
       3
       1
       1
       0
       1
       0
       1
       0
       0
       1
       2
       0
       0
       0
       3
       0
       0
       0
       2
       0
       4
       0
       0
       0
       1
       0
       1
       0
       1
       0
       2
       1
       1
       0
       1
       0
       1
       0
       1
       0
       0
       0
       0
       0
       2
       0
       2
       1
       4
       0
       2
       0
       1
       1
       2
       0
       2
       0
       1
       0
       2
       0
       2
       0
       1
       0
       1
       0
       0
       1
       4
       0
       2
       0
       1
       0
       2
       0
       1
       0
       1
       0
       1
       0
       2
       1
       5
       0
       2
       0
       3
       0
       4
       0
       0
       0
       2
       1
       0
       0
       1
       0
       0
       0
       3
       2
       3
       1
       2
       2
       1
       0
       1
       0
       4
       0
       2
       0
       1
       0
       1
       0
       3
       1
       0
       0
       1
       0
       3
       0
       1
       0
       0
       0
       0
       0
       2
       0
       3
       0
       1
       0
       2
       0
       0
       0
       1
       0
       1
       0
       0
       0
       1
       0
       2
       0
       1
       0
       1
       0
       3
       1
       1
       0
       1
       0
       0
       0
       3
       0
       1
       0
       1
       0
       1
       0
       2
       0
       2
       0
       0
       2
       4
       0
       0
       0
       3
       0
       1
       1
       2
       0
       2
       0
       4
       0
       1
       0
       1
       0
       3
       1
       4
       0
       0
       0
       0
       0
       0
       0
       0
       1
       1
       0
       1
       0
       2
       0
       2
       0
       1
       1
       1
       0
       2
       0
       1
       0
       2
       0
       3
       1
$ENER_FIT:
1.129543 0.332189283