$SPEC_ID:
No sample description was entered.
$SPEC_REM:
DET# 2
DETDESC# RoofTopBEGE
AP# GammaVision Version 6.09
$DATE_MEA:
12-23-2025 14:31:23
$MEAS_TIM:
9600.0 9600.0
$DATA:
1 4096
      55
    4129
   10444
    3430
     290
     294
     916
    1138
    1232
     821
     644
     540
     625
     570
     534
     464
     408
     346
     351
     327
     285
     251
     264
     229
     235
     235
     205
     227
     248
     268
     280
     280
     316
     346
     346
     399
     434
     557
     620
     761
     723
     694
     755
     720
     703
     717
     765
     810
     755
     765
     795
     752
     774
     799
     761
     779
     778
     749
     791
     799
     826
     791
     866
     888
     875
     894
     861
     860
     860
     898
     957
     914
     962
     965
     921
     997
    1022
    1046
    1072
    1091
    1103
    1122
    1114
    1179
    1182
    1294
    1410
    1235
    1208
    1272
    1270
    1374
    1333
    1375
    1379
    1418
    1405
    1364
    1466
    1418
    1478
    1648
    1628
    1562
    1810
    1666
    1743
    1721
    1739
    1756
    1759
    1855
    1741
    1709
    1846
    1873
    1855
    1718
    1807
    1765
    1805
    1763
    1767
    1811
    1839
    1879
    1936
    1936
    1862
    1948
    1874
    1833
    1867
    1809
    1894
    1863
    1984
    1899
    1902
    1887
    1832
    1843
    1919
    1804
    1827
    1859
    1862
    1837
    1805
    1815
    1789
    1910
    1772
    1773
    1848
    1811
    1830
    1899
    1748
    1776
    1852
    1802
    1771
    1791
    1790
    1801
    1827
    1750
    1777
    1799
    1786
    1786
    1681
    1726
    1746
    1703
    1792
    1701
    1731
    1747
    1722
    1666
    1698
    1660
    1722
    1656
    1683
    1665
    1578
    1648
    1599
    1734
    1588
    1646
    1641
    1643
    1584
    1549
    1586
    1555
    1551
    1513
    1566
    1497
    1498
    1455
    1452
    1530
    1461
    1399
    1419
    1397
    1401
    1377
    1413
    1392
    1386
    1370
    1385
    1340
    1334
    1301
    1277
    1389
    1354
    1373
    1291
    1349
    1310
    1255
    1250
    1239
    1213
    1282
    1262
    1179
    1230
    1189
    1134
    1180
    1188
    1207
    1157
    1159
    1131
    1155
    1078
    1143
    1178
    1132
    1164
    1139
    1073
    1109
    1032
    1086
    1071
    1074
    1078
    1021
    1039
    1019
    1040
    1037
    1033
    1001
     988
    1028
    1031
    1046
     986
     992
    1002
    1004
     934
    1003
    1003
     929
     957
    1019
     969
     922
     926
     884
     904
     949
     887
     877
     850
     891
     836
     837
     847
     836
     827
     869
     783
     850
     845
     806
     811
     835
     807
     790
     725
     800
     793
     757
     798
     705
     777
     727
     790
     767
     740
     768
     706
     716
     735
     731
     739
     755
     728
     751
     849
     756
     748
     751
     722
     745
     684
     729
     690
     667
     643
     646
     659
     617
     659
     608
     630
     597
     612
     639
     642
     667
     612
     644
     598
     708
     612
     593
     638
     634
     611
     607
     559
     586
     642
     596
     534
     500
     538
     575
     562
     540
     532
     529
     545
     531
     500
     488
     477
     508
     493
     500
     446
     480
     488
     487
     469
     483
     475
     460
     474
     436
     458
     438
     457
     430
     442
     416
     416
     426
     436
     437
     427
     461
     444
     465
     473
     489
     473
     493
     498
     490
     433
     475
     385
     401
     444
     451
     402
     458
     403
     387
     368
     386
     354
     438
     387
     388
     350
     362
     405
     377
     408
     406
     359
     389
     389
     417
     451
     406
     423
     395
     371
     343
     399
     361
     344
     351
     355
     410
     420
     370
     319
     356
     301
     314
     309
     331
     362
     314
     321
     333
     365
     323
     344
     313
     346
     315
     322
     358
     322
     325
     286
     305
     319
     302
     276
     317
     310
     297
     353
     343
     393
     370
     364
     393
     421
     376
     371
     327
     317
     293
     261
     296
     308
     291
     278
     285
     326
     304
     272
     271
     296
     274
     277
     258
     275
     265
     250
     302
     255
     263
     269
     273
     283
     288
     288
     305
     281
     291
     319
     335
     313
     350
     320
     289
     307
     265
     271
     264
     241
     245
     238
     259
     305
     367
     304
     257
     234
     250
     224
     257
     233
     213
     219
     217
     232
     232
     240
     235
     222
     260
     226
     255
     228
     240
     202
     216
     247
     198
     221
     191
     235
     223
     205
     202
     196
     214
     231
     225
     238
     229
     213
     200
     216
     185
     214
     204
     204
     189
     198
     223
     191
     200
     222
     210
     203
     180
     234
     203
     185
     208
     237
     202
     211
     211
     203
     193
     191
     185
     178
     197
     193
     177
     199
     177
     182
     212
     212
     194
     185
     185
     195
     171
     180
     196
     175
     159
     195
     187
     178
     185
     236
     181
     193
     191
     184
     164
     204
     216
     163
     179
     157
     187
     181
     182
     187
     159
     184
     178
     184
     204
     144
     150
     160
     181
     178
     193
     160
     163
     176
     177
     153
     161
     187
     164
     159
     168
     174
     176
     162
     169
     151
     142
     167
     152
     168
     129
     151
     161
     154
     167
     155
     151
     138
     170
     158
     146
     156
     155
     138
     150
     134
     157
     152
     168
     157
     149
     126
     131
     130
     133
     162
     140
     160
     154
     154
     148
     152
     151
     158
     163
     160
     168
     162
     187
     159
     140
     147
     153
     130
     150
     125
     121
     136
     139
     142
     137
     143
     128
     127
     127
     152
     149
     123
     108
     136
     132
     130
     130
     137
     118
     142
     127
     104
     123
     138
     136
     134
     153
     113
     140
     129
     129
     112
     124
     143
     134
     135
     140
     135
     138
     130
     131
     146
     120
     150
     157
     144
     135
     162
     120
     139
     147
     128
     105
     141
     112
     116
     123
     119
     137
     138
     148
     150
     149
     126
     139
     132
     141
     116
     118
     110
     119
     120
     117
     117
     122
     117
     121
     118
     107
     130
     121
     158
     139
     116
     137
     122
     130
     151
     120
     140
     113
     137
     119
     120
     130
     103
     116
     105
     113
     118
     107
     119
     103
      99
     110
     107
     122
      87
     115
     106
     135
     115
     124
     127
     156
     130
     126
     133
     146
     149
     168
     149
     170
     204
     211
     245
     196
     202
     150
     136
     118
     119
     131
      97
     106
      94
     110
      93
     120
     105
     100
     110
     106
     119
      90
     103
     103
     118
     111
     114
     125
     125
     129
     137
     117
      95
     120
      97
     118
     100
     119
     100
     110
     114
      99
      97
     110
     106
      98
     106
     143
     115
     100
      96
      85
      94
      85
      93
     101
     108
      86
     119
     110
     111
     121
     116
     148
     143
     165
     165
     187
     162
     155
     174
     149
     139
     138
     131
     121
     117
     104
     101
      90
     102
      79
      97
      91
      88
     116
     206
     170
     115
     105
      87
     103
      92
      99
      88
      95
      98
      99
      76
      71
      90
      78
      90
      90
      88
      80
      84
      78
      92
      75
      95
      79
      72
      82
      82
      89
      76
      65
      75
      99
      92
     101
     105
      90
      91
      83
      89
      86
      68
      88
      90
      71
      91
      68
      94
      87
      85
      87
      65
      89
      75
      73
      68
      70
      88
      76
      80
      83
      78
      91
      71
      90
      81
      70
      69
      89
      90
      82
      89
      89
      93
      72
      85
      68
      72
      81
      81
      69
      83
      78
      71
      78
      77
      79
      85
      57
      77
      68
      76
      70
      68
      72
      65
      65
      81
      82
      80
     104
      90
      64
      69
      74
      73
      79
      77
      66
      82
      59
      80
      53
      82
      80
      68
      81
      76
      75
      90
      72
      83
      72
      77
      74
      69
      79
      55
      79
      80
      70
      87
      65
      93
      86
      69
      79
      73
      79
      64
      65
      68
      82
      94
      67
      64
      78
      77
      56
      84
      80
      68
      61
      66
      71
      73
      77
      72
      75
      81
      83
      72
      70
      70
      78
      69
      87
      79
      75
      89
      67
      62
      79
      84
      69
      62
      81
      78
      74
      60
      60
      73
      65
      69
      58
      71
      75
      69
      67
      57
      63
      61
      60
      62
      73
      59
      62
      78
      59
      69
      79
      69
      74
      62
      71
      58
      72
      82
      75
      68
      56
      64
      70
      62
      75
      71
      44
      66
      64
      65
      70
      80
      60
      83
      65
      71
      57
      76
      74
      64
      67
      61
      67
      56
      71
      71
      75
      89
      90
      65
      74
      73
      55
      72
      72
      67
      63
      66
      58
      69
      66
      61
      63
      70
      65
      66
      65
      59
      79
      75
      67
      55
      69
      71
      66
      56
      80
      67
      47
      64
      52
      72
      59
      65
      68
      57
      46
      59
      55
      60
      53
      55
      57
      57
      43
      55
      64
      56
      58
      54
      42
      67
      49
      47
      57
      66
      64
      68
      61
      47
      71
      56
      63
      59
      51
      52
      65
      65
      62
      62
      65
      71
      63
      56
      63
      52
      56
      73
      56
      55
      52
      56
      77
      54
      56
      65
      65
      52
      62
      81
      78
      77
      70
      56
      70
      42
      64
      52
      63
      57
      42
      62
      54
      50
      57
      50
      52
      54
      51
      55
      63
      57
      42
      53
      53
      57
      55
      61
      43
      63
      49
      55
      49
      51
      51
      58
      46
      47
      57
      40
      53
      53
      50
      45
      70
      50
      61
      57
      70
      61
      48
      54
      55
      60
      50
      57
      55
      48
      51
      48
      65
      60
      58
      43
      55
      51
      62
      54
      50
      48
      74
      54
      57
      56
      53
      47
      51
      48
      57
      62
      59
      49
      44
      49
      65
      62
      53
      50
      60
      43
      44
      48
      48
      50
      54
      50
      48
      50
      48
      56
      59
      51
      50
      54
      51
      46
      45
      69
      51
      67
      61
      77
      55
      66
      50
      50
      58
      62
      42
      53
      59
      53
      59
      70
      74
      70
      48
      49
      44
      51
      38
      52
      54
      44
      48
      40
      41
      54
      40
      38
      45
      41
      44
      52
      30
      48
      45
      47
      42
      55
      41
      43
      44
      34
      50
      41
      53
      47
      50
      45
      51
      59
      54
      47
      53
      47
      49
      46
      65
      40
      61
      43
      37
      39
      43
      59
      53
      53
      39
      50
      43
      49
      38
      35
      51
      45
      51
      46
      51
      47
      50
      53
      55
      51
      39
      44
      46
      41
      47
      47
      41
      50
      45
      57
      51
      59
      47
      36
      42
      61
      61
      68
      65
      52
      44
      42
      33
      45
      44
      34
      35
      29
      47
      45
      49
      43
      49
      30
      55
      38
      36
      39
      44
      34
      43
      33
      45
      38
      30
      39
      36
      35
      41
      53
      37
      47
      35
      38
      43
      39
      44
      28
      34
      46
      45
      37
      50
      53
      41
      50
      46
      32
      43
      43
      42
      34
      36
      44
      40
      45
      35
      50
      45
      57
      46
      45
      47
      44
      50
      45
      49
      48
      68
      66
      53
      61
      66
      63
      52
      50
      37
      36
      36
      37
      42
      34
      49
      46
      34
      44
      41
      46
      42
      38
      31
      34
      36
      50
      49
      45
      40
      46
      29
      45
      32
      38
      40
      39
      37
      45
      43
      34
      51
      49
      33
      44
      46
      46
      38
      46
      34
      33
      29
      51
      39
      37
      44
      39
      43
      38
      42
      43
      43
      39
      36
      26
      37
      49
      45
      40
      41
      45
      47
      34
      48
      42
      45
      30
      43
      49
      35
      44
      39
      51
      38
      39
      40
      38
      45
      37
      44
      41
      33
      34
      49
      30
      42
      41
      35
      33
      34
      32
      28
      47
      44
      37
      50
      47
      40
      33
      39
      39
      42
      29
      36
      27
      44
      41
      39
      42
      41
      38
      41
      48
      34
      31
      51
      44
      39
      54
      36
      50
      49
      48
      36
      48
      51
      33
      35
      43
      51
      35
      49
      55
      42
      45
      51
      50
      43
      42
      30
      43
      51
      55
      46
      55
      52
      47
      55
      58
      59
      47
      47
      47
      59
      51
      54
      50
      45
      46
      43
      61
      47
      58
      53
      42
      50
      24
      29
      51
      34
      38
      38
      58
      32
      34
      47
      48
      43
      42
      37
      29
      41
      38
      33
      34
      30
      28
      31
      21
      45
      44
      40
      39
      40
      26
      26
      24
      40
      35
      43
      40
      38
      47
      34
      39
      39
      32
      42
      37
      36
      27
      29
      36
      31
      39
      44
      43
      31
      37
      37
      33
      32
      30
      34
      35
      36
      27
      39
      32
      37
      35
      43
      25
      29
      32
      25
      30
      31
      34
      36
      23
      37
      33
      35
      34
      30
      31
      31
      39
      22
      39
      23
      29
      21
      21
      25
      24
      40
      37
      30
      35
      40
      25
      31
      27
      24
      37
      37
      27
      42
      34
      32
      31
      30
      29
      35
      21
      30
      32
      35
      30
      33
      38
      20
      44
      34
      37
      45
      30
      34
      29
      40
      35
      34
      26
      26
      29
      38
      17
      32
      24
      21
      29
      29
      36
      20
      31
      32
      28
      29
      31
      34
      30
      39
      35
      35
      32
      25
      30
      31
      34
      42
      37
      38
      35
      32
      41
      24
      37
      26
      35
      32
      34
      27
      31
      31
      32
      27
      28
      24
      25
      30
      37
      26
      43
      39
      40
      38
      34
      26
      30
      31
      26
      20
      43
      31
      33
      36
      19
      29
      25
      25
      31
      27
      33
      25
      24
      15
      28
      29
      21
      29
      22
      35
      21
      32
      20
      18
      32
      29
      27
      41
      30
      26
      31
      25
      39
      20
      29
      22
      34
      28
      30
      33
      24
      27
      22
      26
      17
      22
      24
      22
      18
      26
      30
      29
      18
      20
      19
      23
      26
      25
      27
      18
      23
      29
      24
      30
      19
      17
      25
      31
      17
      29
      25
      25
      25
      20
      24
      37
      28
      37
      35
      36
      38
      36
      50
      46
      45
      46
      53
      44
      37
      43
      48
      58
      51
      49
      63
      72
      69
      62
      69
      54
      62
      59
      63
      72
      70
      75
      67
      74
      68
      65
      66
      43
      53
      38
      25
      25
      24
      28
      23
      23
      19
      17
      29
      20
      14
      23
      16
      22
      22
      20
      22
      24
      15
      24
      17
       8
      16
      13
      20
      14
      18
      14
      18
      15
      18
      17
      17
      15
      18
      19
      16
      19
      24
      27
      23
      21
      13
      16
      13
      15
      12
      16
      16
      15
      21
      23
      22
      15
      21
      20
      22
      18
      18
      17
      14
      19
      16
      14
      19
      13
      17
      19
      23
      14
      14
      21
      14
      14
       9
      15
      16
      15
      14
      23
      16
      13
      16
      19
       6
      21
      13
      23
      11
      17
      20
      21
      17
      18
      22
      18
      14
      20
      18
      21
      18
      16
      10
      22
      27
      12
      14
      16
      13
      15
      14
      17
      19
      21
      25
      16
      16
      13
       9
      15
      12
      16
      12
       9
      13
      15
      11
      17
      13
      16
      11
      12
      17
      14
      12
      19
      19
      17
      18
      14
      17
      13
      14
      11
      10
      18
       8
      11
      12
      10
      14
      20
      11
      14
      11
      10
      18
      13
      13
      16
      11
      12
      13
      21
      19
      12
      14
      13
      19
      20
      21
      15
      13
      17
      16
      12
      10
      16
      16
      19
      15
      12
      18
       9
      13
      20
      16
      17
      24
      28
      65
     140
     198
     150
      79
      51
      23
      15
      16
      11
      20
      13
      15
      23
      12
       8
      12
      20
      15
      16
      12
      12
      11
      24
      14
      19
      15
      20
      18
      18
      18
      15
      10
      21
      25
      17
      16
      15
      19
      14
      15
      19
      19
      19
      17
      18
      22
      21
      19
      11
      15
      12
      13
      20
      22
      14
      10
      16
      16
      17
      17
      14
       9
      11
      23
      13
      18
      17
      18
      19
      25
      21
      23
      26
      28
      32
      38
      21
      28
      31
      34
      20
      25
      28
      33
      31
      31
      30
      19
      28
      38
      26
      25
      27
      30
      22
      21
      28
      28
      30
      31
      17
      32
      24
      24
      19
      23
      27
      23
      26
      16
      19
      21
      19
      29
      18
      12
      19
      16
      27
       9
      20
      12
      18
      13
      11
      14
      12
      14
      17
      10
      19
      12
      11
      14
      13
      11
      13
       8
      14
       9
      10
      16
      10
      11
       8
      12
      13
      10
      14
      12
      12
       9
      11
       6
      11
      13
      16
       8
      14
      14
       8
      10
      13
      21
      15
      20
      14
      10
      11
      17
      14
      14
      10
      14
       8
      13
      11
      12
      16
      10
      12
      12
      12
      13
      10
      13
      14
      15
       9
       7
      13
       7
      12
      10
      16
      11
      14
      18
      21
      18
      12
       8
      23
       6
      10
      12
      11
      16
      10
       9
      13
       8
      16
      18
      11
      21
      22
      25
      24
      22
      19
      15
      14
      15
      20
       9
      12
       7
      11
      11
       7
       9
       7
       5
      11
       8
       8
       9
       7
       5
       5
      11
      16
       9
       9
       8
       9
       6
      13
       4
       8
      13
      14
       9
       3
      11
      14
       9
       7
       9
       7
      10
       4
       4
      10
       5
       6
       5
       3
      10
       7
       7
       9
      10
       8
       6
       5
      11
       5
       6
      11
      10
       9
       9
      10
      11
       6
       9
       8
      11
       4
      12
       8
       8
       7
       7
       9
       6
      12
       9
      19
       9
       8
      14
       8
       8
       9
      10
      12
       6
       5
       7
       7
      13
       5
       5
       8
      12
      10
      10
      14
      11
      11
      12
       8
      10
      11
      11
       4
       7
      14
       8
       9
       5
       5
      11
       6
      12
       6
       9
      11
       5
       7
      12
       7
       9
      12
       8
       8
      10
       6
       5
       5
       6
       8
       9
      10
       6
      10
       6
       8
       9
       9
       8
       9
      14
       5
      10
       6
       9
      12
      13
       8
       5
       6
       4
       7
      13
       4
       6
       8
       6
       5
      10
       7
       8
       3
       8
       6
       6
      11
       6
       7
      10
       8
       4
      14
       5
       5
       9
       7
       6
      11
       8
       8
      11
       9
       6
       5
       7
       6
       8
      13
       6
       5
       4
       6
       8
      12
       7
       9
       8
       3
       8
       9
       4
       2
       8
       3
      15
       4
       3
       3
       9
      10
       9
       9
       6
       1
       7
       6
       7
      12
      12
       7
      11
       7
       9
      12
       3
       8
       9
       2
      13
       4
       9
      17
      20
      25
      22
      18
      12
       6
       3
      11
       9
       2
       3
      11
       7
       5
       8
       5
      11
       9
       7
       9
       5
       6
       5
       4
      10
       5
       5
       9
      11
       5
       5
      10
       2
       5
       4
       5
      10
       8
       4
       4
       6
       8
       6
       2
       7
       5
       8
       4
       4
       6
       4
       5
      10
       4
       7
       3
       4
      11
      10
       3
       9
       5
       6
       4
       7
       4
      11
       5
      10
       2
       5
       4
       4
      13
       4
       5
       5
       9
       5
       6
       2
       5
       8
       8
       5
       9
       4
       5
       4
       7
       7
       8
       7
       3
       3
       7
       5
       7
       5
       3
       3
       6
       7
       4
       5
       7
       4
       6
       6
       2
       3
      13
       8
       8
       6
       4
      15
      11
       6
       8
       6
       7
       6
       6
       7
      10
       3
      11
       7
       8
      10
       7
       3
       5
       6
       8
       3
       6
       3
       1
       5
      10
       3
       4
       5
       8
       5
      11
       5
       6
       5
      13
       7
       4
       5
       5
      11
       7
       7
       2
       5
       7
       3
       5
       4
       3
       6
      10
      10
       6
       4
       5
       4
       5
       4
       5
       7
       3
       2
      12
       4
       5
      10
       4
       7
       3
       4
       4
       4
       9
      11
       8
       1
       6
      11
      10
       8
       6
       6
       8
      11
       6
       8
      15
      10
       6
       7
       7
       9
       4
      13
       7
      10
       5
      12
       7
       8
       6
      10
       7
       7
       8
       6
       4
       6
       5
       5
       9
      10
       8
      14
       5
       5
      13
       9
      10
       8
       7
      11
       5
      14
       6
       3
       3
       4
       6
       7
       8
       5
       8
       6
       6
       6
       6
       5
       8
       4
       6
      10
       5
       5
       6
       7
       7
       3
       4
       7
       7
      10
       3
       4
       4
       7
       2
       8
       4
       3
       2
       5
       5
       8
       2
       1
       6
       7
       3
       8
       8
       5
       3
       5
       7
       7
       5
       8
       1
       6
       6
       5
       2
       5
       5
       3
       3
       5
       2
       2
       4
       5
       9
       4
       3
       4
       5
       1
       6
       3
       6
       6
       5
       7
       3
       6
       4
       2
       4
       7
       2
       3
       5
       8
       8
       8
       4
       2
      10
       7
       2
       4
       5
       2
       9
      10
       7
       4
       4
       3
       5
       2
       1
       5
       5
       6
       4
       7
       7
       6
       9
       8
       6
       6
       8
      14
      10
      13
      15
       9
       6
      13
       9
       7
       8
       7
       7
       8
       8
       2
       4
      10
       2
       9
       7
       9
       7
       3
      10
       4
       5
       5
       6
       2
       4
       5
       8
       5
       5
       5
       4
       4
       6
       3
       3
       4
       3
       3
       3
       7
       7
       7
       7
       5
       9
       5
       6
       2
       5
       5
      10
       6
       8
       8
       5
       5
       4
       8
       4
       4
       8
       5
       7
       3
       4
       5
       6
       7
       4
       9
       5
       8
       6
       5
       2
       3
       1
       3
       2
       6
       7
       4
       3
       8
       5
       8
       3
       6
       4
       8
       7
       5
       1
       9
       4
       6
       2
       5
       5
       5
       4
       3
      10
       7
       3
       6
       7
       6
       6
       5
       9
       4
       3
       4
       6
       9
       1
       5
       9
       3
       7
       3
       4
       4
       7
       4
       7
       3
       5
       4
       3
       7
       9
       4
       6
       5
       5
       4
       3
       8
       8
       4
       5
       7
      14
      11
       5
       2
       9
       6
       3
       8
       3
       4
       8
       9
       7
       8
       4
       3
       7
       3
       6
       8
       4
       5
       5
       5
       4
       4
       1
       6
       4
       8
       3
       3
       5
       5
       3
       4
       3
       4
       7
       4
       8
       2
       6
       2
       6
       6
       6
       4
       2
       6
       6
       8
       7
       4
       7
       6
       6
       7
       3
       7
       3
       2
       3
       4
       5
       3
       5
       8
       7
       6
       2
       8
       3
       4
       6
       6
       3
       5
       2
       7
       3
       4
       7
       6
       7
      10
       3
       5
       7
       3
       4
       1
       8
       7
       1
       7
       3
       7
       5
       3
       2
       7
       5
       5
       2
       4
       6
       6
       3
       6
       7
       4
       3
       4
       5
       6
       5
       3
       3
       3
       6
       0
       2
       5
       4
       4
       2
       2
       5
       6
       2
       1
       5
       4
       2
       5
       2
       3
       5
       5
       4
       6
       5
       5
       1
       6
       4
       1
       0
       7
      10
      13
      14
       9
       9
       6
       5
       4
       5
       1
       3
       8
       5
       1
       5
       3
       1
       4
       3
       5
       1
       4
       5
       1
       9
       4
       3
       6
       4
       4
       3
       5
       5
       5
       3
       8
       2
       6
       1
       4
       3
       5
      10
       3
       3
       6
       5
       5
       2
       5
       3
       4
       4
       2
       3
       3
       1
       1
       1
       1
       2
       1
       4
       3
       7
       5
       5
       4
       2
       4
       3
       6
       3
       5
       6
       2
       4
       6
       4
       1
       1
       5
       2
       2
       4
       3
       1
       3
       2
       1
       1
       5
       0
       4
       4
       1
       7
       2
       0
       4
       5
       4
       1
       6
       5
       6
       1
       2
       2
       4
       4
       5
       2
       4
       5
       4
       4
       2
       2
       2
       1
       3
       4
       4
       5
       5
       2
       4
       1
       3
       3
       2
       2
       4
       2
       3
       1
       3
       3
       2
       6
       3
       6
       3
       1
       3
       6
       7
       5
       4
       5
       3
       6
       4
       3
       4
       3
       4
       4
       6
       2
       6
       5
       0
       3
       4
       3
       6
       4
       2
       3
       3
       0
       5
       4
       3
       4
       6
       3
       4
       5
       5
       3
       2
       3
       5
       1
       7
       3
       1
       2
       4
       2
       1
       2
       4
       3
       4
       3
       4
       4
       2
       4
       5
       2
       0
       2
       1
       1
       2
       2
       4
       2
       4
       4
       6
       3
       3
       2
       3
       2
       8
       4
       2
       3
       2
       3
       4
       2
       6
       3
       5
       2
       4
       8
       6
       6
       6
      10
       5
       6
       2
       3
       4
       3
       5
       7
       9
       1
       7
       6
       4
       5
       4
       8
       2
       6
       9
       2
       7
       5
       9
       7
      11
      16
       6
      14
       8
      18
      11
      16
      22
      13
      13
      10
       9
       7
       5
      10
       7
       6
       4
       7
       8
       5
       6
       2
       3
       5
       2
       5
       5
       5
       1
       4
       4
       1
       5
       4
       7
       4
       2
       0
       5
       3
       2
       4
       1
       7
       0
       2
       0
       3
       3
       1
       3
       6
       3
       7
       3
       1
       2
       3
       6
       1
       4
       2
       1
       3
      10
       3
       3
       2
       6
       2
       2
       4
       3
       2
       2
       2
       2
       1
       3
       1
       1
       2
       2
       4
       1
       6
       4
       2
       4
       2
       1
       3
       1
       3
       4
       1
       3
       2
       2
       4
       3
       3
       4
       3
       4
       5
       3
       6
       3
       1
       6
       2
       0
       2
       5
       2
       4
       3
       1
       1
       0
       2
       1
       1
       1
       3
       3
       2
       5
       0
       4
       1
       0
       1
       4
       3
       3
       2
       0
       0
       1
       2
       2
       1
       2
       2
       5
       2
       1
       1
       2
       2
       1
       2
       4
       3
       1
       1
       2
       5
       0
       3
       0
       4
       1
       1
       1
       3
       1
       1
       2
       1
       0
       2
       1
       0
       2
       3
       1
       1
       2
       3
       2
       2
       1
       4
       5
       1
       3
       3
       1
       2
       5
       2
       2
       3
       4
       1
       2
       2
       1
       2
       2
       1
       1
       2
       4
       2
       3
       3
       2
       2
       3
       0
       5
       4
       2
       3
       3
       0
       0
       0
       1
       1
       3
       3
       2
       1
       2
       1
       2
       1
       1
       2
       3
       1
       1
       1
       3
       0
       2
       1
       1
       3
       1
       2
       2
       3
       1
       1
       0
       0
       4
       0
       3
       5
       1
       2
       2
       1
       3
       3
       3
       2
       2
       1
       0
       2
       2
       1
       2
       2
       4
       0
       2
       2
       2
       2
       1
       1
       0
       2
       2
       0
       2
       1
       3
       3
       1
       2
       4
       1
       3
       3
       1
       1
       3
       4
       1
       2
       1
       1
       3
       3
       3
       1
       2
       1
       3
       1
       1
       2
       3
       1
       0
       1
       0
       2
       0
       1
       3
       5
       2
       1
       0
       0
       2
       5
       1
       0
       2
       4
       3
       1
       1
       1
       3
       1
       2
       3
       2
       0
       2
       3
       5
       3
       4
       2
       2
       2
       3
       3
      17
      16
      23
      22
      19
      16
       8
      12
       3
       1
       2
       0
       1
       2
       4
       0
       0
       3
       1
       3
       1
       1
       4
       0
       1
       2
       2
       0
       2
       1
       3
       0
       0
       1
       5
       4
       3
       0
       1
       3
       0
       1
       1
       1
       1
       5
       1
       2
       5
       1
       1
       2
       0
       2
       0
       3
       0
       2
       3
       0
       1
       1
       1
       3
       1
       1
       1
       3
       0
       1
       2
       2
       4
       1
       1
       3
       2
       1
       2
       2
       1
       2
       0
       4
       2
       2
       1
       2
       1
       1
       3
       5
       2
       3
       4
       0
       3
       0
       1
       0
       5
       4
       3
       1
       1
       4
       2
       1
       1
       4
       0
       1
       3
       1
       0
       0
       2
       3
       1
       2
       0
       1
       1
       1
       1
       2
       1
       2
       4
       1
       1
       0
       3
       1
       1
       1
       2
       2
       0
       4
       0
       3
       1
       2
       3
       4
       1
       1
       5
       4
       0
       0
       0
       1
       1
       1
       2
       2
       2
       1
       2
       1
       3
       4
$ENER_FIT:
-0.026084 0.66449337