$SPEC_ID:
No sample description was entered.
$SPEC_REM:
DET# 2
DETDESC# RoofTopBEGE
AP# GammaVision Version 6.09
$DATE_MEA:
05-22-2014 9:14:47
$MEAS_TIM:
1.0 1.0
$DATA:
1 8192
       0
   19097
   43747
 2663533
11625104
 5798346
 2581499
  235288
  274387
 1583375
 3901375
 4028721
 3946638
 3429805
 2201987
 1890077
 1553621
 1406654
 1384334
 1259696
 1055466
 1002874
  700681
  587132
  565952
  562095
  584886
  607933
  670499
  747402
  680903
  582597
  567591
  590320
  674949
  724024
  615399
  517700
  489827
  490001
  506533
  517177
  505228
  483967
  470250
  458242
  454061
  450481
  447224
  445343
  444272
  441012
  437500
  434265
  431495
  429759
  426879
  426197
  425169
  422438
  419458
  417395
  416538
  413418
  412611
  410257
  409425
  408200
  409308
  410004
  408045
  400753
  396718
  395506
  394241
  393387
  392666
  391994
  391740
  388304
  388614
  386990
  386152
  389575
  396919
  397427
  388905
  386029
  387000
  388877
  392088
  392916
  395908
  396061
  399999
  403687
  406298
  405667
  406497
  405713
  406211
  405274
  406339
  408593
  416033
  424246
  414432
  408589
  406992
  406713
  406909
  406972
  404980
  407198
  407385
  408080
  407951
  410116
  410839
  410117
  413698
  429949
  456032
  448991
  423130
  418562
  420437
  421747
  424783
  427618
  431451
  434341
  436990
  439783
  444477
  447891
  452049
  456593
  470200
  514738
  538176
  499524
  480155
  481491
  485628
  490833
  496583
  502568
  508199
  513653
  520494
  528870
  535638
  544696
  552188
  560487
  568496
  576285
  582858
  587949
  592950
  599032
  601932
  605648
  612710
  643071
  669158
  646700
  626481
  627685
  631506
  638214
  642055
  649799
  653734
  660795
  666255
  670280
  674422
  677748
  684360
  688391
  693176
  698118
  702485
  708284
  714966
  718872
  724637
  732527
  748421
  761880
  757344
  758944
  812723
 1060547
 1316502
 1127071
  849335
  794402
  895108
 1335608
 1721317
 1347477
  897651
  801718
  812282
  865609
  891731
  843460
  813015
  811718
  814851
  816770
  815933
  819774
  821862
  827433
  832880
  840365
  851966
  856732
  854388
  850911
  850008
  853062
  891591
  987656
 1092691
 1089417
  969842
  888807
  868243
  881480
  929643
  982877
  968341
  912690
  881639
  875060
  883979
  931491
  986530
  984896
  934108
  897109
  881631
  881656
  883571
  880999
  881288
  882513
  881711
  881320
  880947
  883574
  886296
  892485
  894340
  892061
  889371
  888580
  886728
  887639
  884481
  886253
  885442
  886810
  885679
  886207
  887141
  886332
  885526
  886268
  887497
  889191
  890036
  889058
  884881
  882179
  883132
  882807
  881965
  881946
  882402
  884182
  884070
  879960
  878083
  878939
  877213
  878074
  875832
  873416
  875371
  879140
  876507
  870064
  866357
  866710
  869632
  874204
  870631
  862989
  859150
  857669
  855373
  854139
  851764
  850872
  849721
  847124
  846009
  845210
  844077
  841945
  841386
  839700
  837476
  835149
  834123
  832680
  832343
  831083
  828259
  826989
  826389
  825450
  823572
  822577
  821161
  821196
  817366
  815549
  813493
  811388
  811160
  814323
  814105
  805329
  801376
  798801
  795366
  794348
  793525
  790320
  786418
  783876
  782135
  779669
  776111
  773927
  772778
  771424
  768928
  765394
  763391
  760971
  758960
  757684
  754672
  752326
  749135
  747448
  744970
  745173
  745116
  741945
  741023
  737934
  732829
  732619
  728894
  727958
  726333
  729736
  738582
  730621
  716689
  710519
  706935
  703421
  702001
  700346
  698828
  695459
  691328
  690778
  687799
  686820
  684296
  681856
  681576
  678848
  673981
  675292
  671379
  668445
  665166
  663503
  661811
  659715
  660543
  660150
  654716
  650481
  646719
  644541
  641174
  640734
  635936
  633142
  631782
  629876
  626714
  625402
  622500
  619727
  616440
  614548
  611823
  609501
  607018
  603207
  602557
  600970
  601666
  604102
  599826
  592778
  587217
  584697
  582840
  581028
  577365
  576962
  575027
  572259
  568731
  568034
  566244
  564650
  562070
  559837
  558301
  554232
  552790
  550021
  548808
  546399
  544978
  542722
  542191
  539995
  535998
  535324
  532710
  531992
  530481
  528033
  525400
  524640
  523580
  520912
  519479
  518857
  515443
  515399
  512867
  511981
  510522
  508659
  509543
  506810
  504952
  503065
  501441
  500429
  498013
  498331
  496376
  492786
  493793
  494668
  519406
  574854
  593636
  544836
  497251
  481216
  475772
  476213
  472633
  472668
  471519
  469727
  466564
  466737
  463864
  460625
  460776
  458932
  459116
  454754
  453965
  451415
  452310
  450090
  448213
  447069
  445148
  444201
  443415
  441677
  439633
  435700
  434946
  433976
  434547
  434151
  430932
  427989
  426094
  424300
  422887
  421506
  419622
  418551
  418325
  416280
  414164
  411466
  408801
  409584
  406623
  406077
  408951
  409650
  406127
  399130
  396434
  393987
  392500
  390523
  390614
  392686
  398919
  403968
  396925
  387660
  381750
  380687
  379747
  378829
  376566
  376062
  374170
  371718
  370799
  372026
  369063
  367423
  365832
  365393
  364602
  364049
  361191
  359997
  359077
  357674
  357062
  355387
  355584
  353711
  351191
  352327
  351311
  349756
  349502
  348412
  346821
  345206
  344766
  343960
  341428
  340413
  339276
  337876
  336730
  335241
  333997
  333468
  332750
  330778
  330626
  329764
  327851
  326715
  325613
  325345
  323118
  321168
  321054
  319659
  318746
  317397
  318933
  319526
  318503
  315231
  314867
  312198
  310262
  309673
  308373
  309158
  309906
  308396
  306501
  303134
  302586
  322997
  459312
  766845
  895091
  624856
  365863
  294624
  291944
  308466
  331940
  393732
  506054
  514904
  388475
  298854
  277875
  276124
  275597
  274069
  273883
  273620
  271300
  269506
  268417
  267527
  266129
  264862
  263720
  263058
  262622
  261470
  259641
  259998
  258582
  257284
  256930
  255601
  254071
  255804
  257409
  256342
  254416
  250503
  249915
  249062
  248254
  247929
  245901
  246432
  246121
  245052
  243850
  243097
  243116
  247887
  254452
  254375
  246128
  237685
  236903
  235545
  235163
  233640
  232865
  232203
  233054
  231134
  231017
  230237
  230103
  229753
  229414
  227782
  227357
  226619
  224561
  223965
  223520
  222512
  222812
  221514
  222605
  222798
  226161
  229811
  234765
  231943
  224720
  220464
  216946
  215680
  214155
  213572
  213914
  216439
  217232
  218839
  221124
  217610
  212106
  208762
  208257
  212906
  225765
  233359
  223254
  209770
  204423
  204925
  203341
  201894
  202010
  202330
  202274
  201961
  201612
  198819
  198392
  197299
  196354
  197327
  196785
  194948
  194894
  194295
  194010
  193103
  193290
  192875
  193787
  195308
  195279
  195412
  193232
  190012
  188394
  188599
  188458
  187417
  186840
  185918
  186484
  185622
  184870
  184709
  184550
  184434
  187088
  225465
  386146
  633901
  655041
  415006
  231922
  183169
  178613
  179717
  180193
  179903
  179634
  178760
  182550
  195453
  211974
  206633
  186369
  175150
  172269
  171704
  171774
  170718
  170554
  170120
  169739
  169807
  169736
  168914
  168072
  167278
  166782
  166050
  165419
  166151
  164866
  164720
  163561
  162824
  163798
  162729
  161963
  162828
  161213
  162066
  161436
  160483
  160640
  159802
  159836
  159919
  159479
  160051
  160229
  158288
  157433
  156487
  156389
  156329
  155496
  155585
  154633
  154431
  154351
  154419
  154005
  153328
  152523
  152311
  152907
  151749
  152805
  151435
  152385
  150992
  150628
  150317
  151488
  151079
  149918
  148772
  148368
  148160
  147940
  147575
  148210
  149978
  155789
  160269
  156795
  150585
  146611
  145832
  145486
  144695
  144741
  144225
  143151
  143929
  144909
  144712
  143591
  144560
  142935
  142765
  142213
  141743
  140937
  140489
  140010
  139883
  138844
  141259
  149385
  170336
  187111
  173834
  150400
  138493
  135694
  135748
  136220
  137405
  136023
  136566
  137969
  138256
  137144
  134852
  134081
  132830
  132429
  132429
  132097
  131374
  131357
  131748
  131611
  131020
  130507
  130278
  130900
  132328
  133812
  132205
  130521
  130637
  139590
  204820
  448279
  825142
  900007
  557119
  243101
  139789
  126281
  127019
  127879
  129140
  129048
  127700
  126587
  125764
  124034
  123094
  122422
  121205
  121366
  120793
  121025
  119428
  118840
  119535
  119046
  118670
  118402
  118179
  118484
  118301
  117757
  117689
  116670
  117424
  116997
  116400
  116613
  116182
  115956
  116547
  115518
  115190
  115341
  114561
  114855
  115045
  115045
  114377
  114280
  114309
  114294
  113580
  113110
  112865
  113722
  113056
  113082
  112563
  112631
  112294
  112088
  112296
  112087
  112094
  111147
  110959
  111312
  111336
  111101
  111104
  110201
  110061
  110943
  109656
  109807
  108889
  109359
  109743
  108539
  109148
  109020
  109114
  108177
  109088
  109017
  107964
  108097
  107726
  107046
  107573
  107743
  110183
  113545
  115548
  111992
  109074
  109116
  113645
  117021
  115883
  110770
  107307
  105908
  105267
  104673
  105036
  104677
  104941
  104446
  104919
  104547
  104570
  105067
  104239
  104123
  103788
  104213
  103969
  103569
  103446
  102867
  103184
  102809
  102778
  102300
  102094
  102296
  102796
  102280
  102062
  102454
  102309
  103092
  102288
  101623
  100622
  100041
  100384
  101100
  101088
  101523
  102247
  104018
  103077
  100694
   99875
   99166
   98554
   98429
   98719
  100711
  104619
  105767
  103475
   99740
   97948
   97190
   97162
   96711
   96596
   96897
   96660
   96458
   96615
   96191
   95961
   96120
   95376
   95348
   96082
   95659
   95349
   94915
   94977
   94904
   94730
   94717
   94701
   93868
   94638
   94409
   94200
   93810
   93485
   93940
   93875
   92911
   93190
   92994
   92261
   92387
   92690
   92214
   92033
   91820
   91269
   91811
   91573
   91305
   91129
   90631
   90550
   89846
   89243
   89132
   88412
   87480
   88103
   87718
   87456
   87212
   86899
   86517
   86509
   85988
   85670
   85637
   85491
   85141
   84441
   84614
   84748
   84783
   84912
   84291
   83866
   84684
   86702
   90171
   90274
   88050
   85083
   83453
   82964
   82370
   82218
   82407
   82471
   81827
   81729
   81735
   80911
   81028
   81332
   81234
   81739
   81507
   80680
   80391
   79966
   79802
   80204
   79803
   79266
   79318
   78773
   79545
   79503
   79038
   79167
   78985
   79091
   78563
   79138
   80031
   81925
   81234
   79853
   79783
   80517
   83439
   84238
   80439
   78418
   77371
   77024
   76816
   77191
   76768
   76796
   76138
   76682
   76070
   75875
   75780
   75942
   76902
   77346
   78678
   79522
   83568
   89872
   92617
   85980
   79430
   75249
   73592
   74925
   74824
   73979
   73417
   73891
   73595
   73660
   73649
   73949
   73723
   73457
   74039
   75548
   75635
   74164
   72678
   72636
   72044
   72092
   72476
   72148
   71987
   72576
   72604
   73355
   74094
   72619
   71885
   71620
   71185
   72213
   76736
   84957
   89212
   85040
   77399
   71863
   70658
   71095
   72840
   74118
   74384
   72533
   70440
   69833
   69108
   69058
   68724
   68785
   68741
   68706
   68745
   68220
   68180
   68812
   69260
   70394
   73163
   73716
   71801
   70222
   68062
   67465
   66709
   67413
   67223
   66849
   66720
   66997
   66904
   66169
   66847
   66824
   66522
   66433
   66091
   66024
   65500
   66067
   65719
   65294
   65992
   66046
   66034
   65789
   66016
   65683
   65578
   65094
   65748
   65341
   64408
   64769
   64452
   64761
   64684
   64860
   63888
   63896
   64187
   64262
   64251
   64048
   64158
   63441
   63313
   63440
   63781
   64246
   63945
   64218
   64713
   65951
   68045
   72012
   78338
   88843
  109194
  143009
  175263
  179722
  154413
  124737
  103662
   88071
   78432
   70917
   67498
   65042
   64282
   62947
   62458
   61645
   61206
   60258
   61167
   60850
   59952
   60515
   60321
   59782
   59600
   60040
   60609
   60038
   59766
   60087
   59371
   59182
   59351
   59513
   59262
   59525
   59036
   59172
   59206
   58485
   58764
   58813
   58754
   58945
   57979
   58452
   57958
   58396
   57986
   58503
   57959
   57922
   57822
   57370
   58045
   57834
   57238
   57779
   57376
   57653
   58173
   58912
   59731
   59961
   58471
   57698
   57365
   56986
   56970
   57492
   57609
   57859
   57345
   56979
   56559
   56643
   56133
   55894
   55796
   56063
   56325
   56197
   55873
   55377
   55924
   56513
   57394
   57144
   56477
   57010
   56179
   55822
   55659
   55509
   55441
   55926
   55947
   56231
   55416
   55442
   55060
   54986
   54737
   54804
   55494
   54783
   54865
   54631
   54588
   54301
   53987
   54181
   53893
   54063
   54074
   53482
   53929
   53655
   54133
   53917
   53507
   53699
   53768
   53109
   53056
   53554
   53100
   53340
   52964
   53335
   53348
   53070
   52929
   52897
   53439
   53217
   54515
   55352
   56070
   54598
   53796
   52639
   52593
   52163
   52383
   52510
   52507
   52724
   53121
   53091
   52779
   52767
   52930
   52293
   52468
   52138
   51984
   52467
   52024
   52140
   51631
   52304
   52939
   52812
   53291
   52566
   52282
   51834
   51227
   51147
   51005
   51279
   51337
   50770
   50528
   50750
   50775
   50704
   50503
   50421
   50459
   51193
   52521
   54392
   54911
   53145
   51551
   51843
   56899
   82467
  147765
  231443
  255419
  191747
  108970
   64446
   51460
   49416
   49606
   49965
   49979
   49764
   49256
   48708
   48529
   48399
   48436
   48127
   48175
   47749
   47843
   47593
   47887
   47862
   48620
   49512
   50115
   51029
   50501
   49872
   48639
   47900
   48050
   47787
   47542
   47543
   47191
   46722
   46850
   46724
   46908
   46641
   46994
   47256
   47076
   46465
   47034
   46591
   46018
   46105
   46506
   46233
   46545
   46461
   46415
   46824
   46772
   47091
   47367
   46922
   46400
   46633
   46457
   46868
   47318
   49746
   65824
  140910
  347999
  655287
  813917
  650587
  339832
  133756
   62221
   49003
   48733
   49743
   50485
   49931
   48771
   47215
   46719
   46100
   45363
   45678
   45568
   45667
   44471
   44258
   44131
   43242
   42810
   42784
   42656
   42912
   42963
   42500
   42967
   42951
   42544
   42870
   42570
   42564
   42588
   42251
   42551
   42376
   42315
   42395
   42096
   42114
   42343
   41971
   42445
   42179
   41718
   41637
   41480
   41662
   41638
   42021
   42319
   41654
   41543
   42103
   41933
   41903
   41288
   41727
   41668
   41814
   42406
   41933
   41757
   41140
   41301
   41746
   41189
   41243
   41216
   41239
   40719
   40778
   40685
   41316
   41119
   41267
   41092
   41431
   41303
   41209
   40705
   40776
   40646
   40395
   40476
   40321
   40373
   40407
   40598
   40489
   40468
   40246
   40160
   40573
   40743
   40612
   40129
   40230
   40034
   39971
   40489
   40935
   40863
   40641
   40458
   40330
   39881
   40321
   40050
   40112
   39821
   39546
   39728
   39683
   39342
   39610
   39566
   39414
   39611
   39296
   39238
   39144
   39275
   39344
   39541
   39477
   39249
   39660
   38721
   39198
   39264
   39729
   40966
   42723
   44338
   45276
   43228
   40658
   39052
   38687
   38796
   39888
   43853
   51721
   59580
   60209
   52525
   44717
   40667
   38831
   38370
   38625
   38634
   38012
   38743
   38268
   37805
   37693
   37825
   38080
   37816
   38110
   38083
   37771
   38128
   37834
   38095
   38023
   38401
   38063
   38114
   37564
   37642
   37872
   37669
   37765
   37356
   38004
   37558
   37466
   37683
   37621
   37393
   37484
   37359
   37399
   37046
   37338
   37035
   37804
   38200
   38144
   38100
   37814
   37039
   36979
   37266
   37384
   37282
   37096
   37210
   37107
   37431
   37423
   37628
   37456
   37112
   36936
   36783
   36409
   36678
   36594
   36580
   36909
   36709
   36802
   36816
   36758
   36770
   36697
   36813
   36206
   36298
   35981
   36691
   36222
   36425
   36646
   36739
   37191
   37127
   36726
   36510
   36340
   36673
   36477
   36574
   36558
   36696
   37148
   37965
   39961
   41495
   42596
   41056
   38691
   37423
   37042
   36665
   36384
   36072
   36138
   36635
   36682
   37112
   37051
   36700
   36458
   36004
   35951
   35885
   35796
   36419
   36201
   35684
   35716
   35055
   34783
   35157
   35386
   34889
   34906
   34740
   34988
   34430
   34589
   34628
   34473
   34364
   34509
   34434
   34856
   34913
   35080
   35918
   37123
   39113
   39731
   38552
   36163
   35098
   34545
   34449
   34848
   35181
   35022
   34638
   34460
   34091
   34167
   34530
   34280
   35455
   39787
   50300
   65184
   75083
   70124
   54852
   41981
   35360
   33997
   34139
   33468
   33947
   33593
   33985
   33486
   33850
   33176
   33230
   33549
   33974
   33798
   33845
   33379
   33160
   33286
   32995
   32997
   32808
   33152
   33153
   33224
   32852
   32857
   32800
   32764
   33326
   33387
   33527
   33306
   33339
   33986
   35056
   36786
   37695
   36427
   35097
   33627
   32773
   32984
   32622
   32959
   32644
   32790
   32578
   32876
   32522
   32946
   32634
   32793
   32592
   32445
   32316
   32185
   32402
   32430
   32119
   32276
   32527
   33069
   33357
   33760
   33011
   32761
   32544
   33007
   33976
   35500
   35172
   34119
   32700
   32053
   31782
   32057
   31597
   31566
   31520
   31320
   31623
   31774
   31414
   31611
   31495
   31563
   31636
   31787
   32887
   33841
   35059
   34935
   33386
   32559
   31836
   32338
   33460
   35260
   36433
   37331
   39848
   51344
   72087
   91520
   90755
   70902
   48948
   37122
   32645
   31811
   31771
   32350
   33980
   35697
   35799
   34440
   32748
   31340
   30794
   30800
   30552
   30158
   30549
   30531
   30477
   30323
   29974
   30254
   30061
   30020
   29820
   30030
   29947
   29754
   30206
   29892
   29919
   30397
   31406
   31533
   31360
   30971
   30382
   30089
   30546
   31134
   33709
   38329
   43183
   45368
   43013
   38431
   34203
   30844
   30015
   29703
   29561
   29923
   29715
   29480
   29397
   29235
   29044
   29418
   29321
   28984
   29248
   29085
   29639
   29739
   31910
   36374
   41306
   43599
   40654
   35317
   31463
   29587
   29200
   28959
   28976
   29400
   28906
   28855
   28957
   28871
   28944
   28995
   28704
   28703
   28490
   28542
   28516
   28450
   28671
   28388
   28442
   28561
   28986
   30555
   33987
   39346
   43472
   41747
   37151
   31842
   29272
   28366
   28355
   28482
   28595
   28469
   28055
   28253
   28044
   28333
   28122
   28331
   28300
   28056
   27970
   28316
   28097
   28128
   28727
   28442
   28139
   27757
   28082
   28227
   28068
   28104
   27660
   27779
   28032
   27664
   27859
   27904
   27965
   28814
   29322
   29521
   29697
   29205
   28367
   27836
   27689
   27494
   27943
   27582
   28079
   28564
   28278
   28603
   29236
   29231
   29000
   28248
   28027
   27816
   27585
   27555
   27849
   27906
   28528
   29123
   29354
   29022
   28519
   28359
   28308
   27922
   27912
   27626
   27158
   27755
   27991
   29238
   30810
   32373
   32249
   30579
   28866
   27866
   27763
   28133
   29695
   31726
   32660
   32520
   31616
   30875
   30509
   29238
   28048
   27380
   27078
   27035
   27066
   27174
   27174
   27454
   27233
   26830
   26752
   26568
   26809
   26903
   26934
   27550
   27084
   27040
   26655
   26776
   26838
   26370
   26928
   26475
   26680
   26440
   26797
   26537
   26484
   26481
   26244
   26542
   26645
   26583
   26523
   26554
   26643
   26392
   26307
   26378
   26607
   26544
   26480
   26660
   26549
   26677
   27258
   29794
   35029
   43597
   49935
   48898
   41174
   32836
   28216
   26849
   26424
   26222
   26429
   26467
   26624
   26166
   26112
   25949
   26472
   26141
   26313
   26103
   26333
   26180
   26167
   26045
   26180
   25919
   26141
   26100
   26287
   26104
   25943
   26086
   26177
   25809
   26417
   26614
   26383
   26237
   26076
   26365
   25952
   26211
   26064
   25786
   25729
   26083
   26166
   25876
   25889
   25900
   25788
   26065
   26025
   25866
   26039
   26159
   25844
   25608
   25878
   25760
   26048
   25810
   26221
   26336
   25551
   25555
   26043
   26170
   25863
   26071
   26184
   26313
   26125
   26040
   25868
   25579
   25601
   25474
   25744
   25880
   25679
   25670
   25715
   25738
   25846
   25739
   26463
   26869
   27317
   27112
   26352
   25744
   25839
   25682
   25502
   25507
   25464
   25436
   25418
   25757
   25491
   25412
   25530
   25458
   25767
   25627
   25209
   25773
   25514
   25151
   25458
   25109
   25491
   25693
   26651
   27265
   28246
   27742
   27197
   26359
   25645
   25445
   25181
   25277
   25457
   25435
   25321
   25413
   25323
   25804
   27760
   34043
   50486
   77655
  102698
  106696
   85890
   56890
   36851
   27562
   24898
   24936
   24796
   24871
   24832
   24706
   24697
   24488
   24119
   24139
   24126
   23964
   23902
   23857
   23684
   23739
   23625
   23673
   23630
   23411
   23796
   23616
   23797
   23553
   23352
   23412
   23668
   23314
   23300
   23405
   23768
   23474
   23432
   23570
   23473
   23539
   23800
   23624
   23721
   23527
   23438
   23303
   23641
   23715
   23888
   23511
   23406
   23344
   23462
   23720
   24557
   28337
   35466
   46845
   54620
   53738
   44072
   33593
   26983
   23929
   23324
   23200
   23381
   23223
   23245
   23058
   23036
   23428
   23081
   22974
   22981
   22663
   23127
   23015
   23165
   22860
   23047
   23171
   23394
   23527
   23322
   23033
   23237
   23225
   22973
   23035
   22935
   23163
   23107
   23414
   23684
   24068
   24484
   25076
   25641
   25890
   25420
   25574
   24955
   24458
   24226
   24007
   23704
   23018
   22861
   22710
   22569
   22731
   22322
   22434
   22536
   22298
   22310
   22516
   22397
   22255
   22480
   22734
   23373
   22928
   22713
   22700
   22317
   22081
   22161
   22286
   22287
   22106
   22754
   22670
   23788
   26457
   30710
   36589
   40085
   38968
   34350
   28483
   24811
   22952
   22957
   24237
   29030
   39572
   56062
   69746
   71159
   58026
   41042
   29170
   23694
   22468
   21908
   21937
   21984
   22230
   21732
   21741
   21520
   21777
   21386
   21922
   21895
   21816
   21936
   21668
   21464
   21323
   21257
   21644
   21181
   21266
   21303
   21529
   21171
   21603
   21341
   21466
   21486
   21378
   21741
   21707
   21610
   21824
   21178
   21599
   21328
   21110
   21316
   21128
   20983
   21526
   21219
   21555
   21497
   21796
   21634
   21478
   21612
   21244
   21138
   21082
   20806
   20986
   21111
   20954
   21086
   21120
   20889
   21060
   21277
   21071
   21291
   21263
   21066
   20970
   21118
   21030
   21157
   20882
   20902
   21176
   21370
   21076
   21252
   21729
   22708
   24937
   28251
   30442
   29670
   27148
   23989
   22140
   21299
   20981
   20825
   20926
   20962
   20900
   20772
   20793
   20814
   20751
   20531
   20623
   20639
   20552
   20461
   20577
   20683
   20647
   20598
   20758
   20822
   20573
   20524
   20221
   20728
   20751
   20862
   20718
   20735
   21100
   21364
   21174
   21063
   20933
   20268
   20390
   20628
   20549
   20458
   20639
   20305
   20492
   20355
   20614
   20595
   20253
   20722
   20466
   20601
   20609
   20383
   20209
   20582
   20566
   20369
   20316
   20474
   20449
   20388
   20356
   20092
   20004
   20263
   20146
   20004
   19933
   20122
   19973
   19926
   20188
   19981
   20060
   19916
   20260
   20214
   20463
   20586
   20904
   21044
   20666
   20852
   20565
   20436
   20081
   19855
   20028
   19796
   19710
   19763
   19807
   19768
   19822
   20014
   19924
   19884
   20120
   19983
   19807
   20145
   19922
   19877
   19674
   19757
   19687
   20071
   19525
   19802
   19607
   19840
   19769
   19899
   19813
   20019
   19945
   19931
   19949
   19512
   19715
   19822
   19481
   19481
   19673
   19684
   19793
   19708
   20231
   20742
   21785
   22465
   22667
   21732
   20626
   19967
   19552
   19769
   19779
   19478
   19721
   19725
   19447
   19431
   19519
   19471
   19145
   19371
   19543
   19639
   19416
   19483
   19554
   19584
   19583
   19426
   19699
   19698
   19802
   19471
   19414
   19531
   19497
   19631
   19800
   19884
   19898
   19810
   19281
   19506
   19660
   19644
   19753
   19387
   19594
   19783
   20567
   21226
   21881
   21829
   21075
   20270
   19861
   19378
   19181
   19605
   19395
   19389
   19395
   19532
   19547
   19325
   19268
   19348
   19309
   19437
   19439
   19495
   20179
   20503
   21410
   21769
   21458
   20710
   20256
   19457
   19313
   19236
   19077
   19117
   19304
   19083
   19031
   19224
   19160
   19269
   19195
   19320
   19087
   19216
   19219
   19269
   19043
   19311
   19329
   19220
   19294
   19397
   19528
   19678
   19615
   19658
   19641
   19595
   19286
   19196
   19259
   19396
   19527
   19364
   19971
   20186
   19706
   19703
   19685
   19613
   19772
   19870
   19997
   19575
   19470
   19218
   18940
   19257
   18875
   19303
   19416
   19266
   19218
   19121
   19096
   19026
   19198
   19524
   19750
   19869
   20321
   20188
   20150
   19733
   19892
   19517
   19278
   19379
   18928
   19028
   18960
   19139
   18946
   19048
   19275
   19174
   19626
   19628
   20258
   20092
   19830
   19362
   19087
   19099
   19178
   19043
   18996
   19113
   19098
   19219
   19054
   19293
   19284
   19162
   19404
   19530
   19443
   19838
   20823
   24850
   36899
   62205
  101295
  139265
  152412
  129342
   88316
   51998
   31135
   22738
   20540
   20303
   20344
   19998
   20050
   19958
   19738
   19391
   19340
   19340
   19135
   19353
   19393
   18928
   18932
   18962
   18994
   19064
   19191
   19072
   19404
   19029
   19075
   18811
   19238
   19316
   19626
   20558
   21010
   21252
   20618
   20130
   19546
   19193
   18854
   19196
   19168
   18595
   18894
   18949
   18899
   18872
   18726
   19058
   18957
   18762
   19097
   18846
   19047
   18790
   19131
   18865
   19156
   18770
   19110
   18734
   18912
   18987
   18951
   18979
   18847
   19167
   18888
   18745
   18987
   18956
   18914
   18994
   19213
   18974
   18930
   18889
   18981
   19078
   19157
   19027
   19135
   19029
   18969
   19507
   19833
   21078
   23411
   27350
   31153
   33438
   31702
   27442
   23258
   20753
   19784
   19271
   19087
   19221
   19154
   19096
   18862
   19064
   18931
   19177
   18690
   18952
   18883
   18881
   18954
   18859
   19151
   19021
   18818
   19208
   19338
   19044
   19269
   18893
   18770
   19000
   19074
   18755
   18917
   18901
   18672
   19028
   18792
   18790
   18914
   18909
   19011
   19033
   19098
   19218
   19373
   19474
   19594
   19330
   19214
   19174
   19142
   18796
   18955
   19082
   19400
   18836
   19381
   18842
   18824
   18839
   19151
   18981
   19009
   18898
   18884
   19174
   19760
   20116
   20814
   20982
   21210
   20617
   19705
   19240
   19173
   19057
   19127
   19194
   18900
   19178
   18943
   19079
   18949
   19048
   19300
   18988
   19001
   19087
   19201
   19070
   18999
   18955
   19352
   19268
   18879
   19121
   19222
   19242
   19222
   18936
   19194
   19093
   19037
   19070
   19181
   18888
   18889
   19123
   19292
   19147
   19013
   18896
   18882
   19044
   19047
   19235
   19021
   19264
   19298
   19109
   19310
   18924
   19305
   19195
   19063
   19016
   19360
   19339
   19187
   19374
   19484
   19243
   19614
   20404
   21321
   22229
   22902
   22349
   21761
   20711
   19601
   19621
   19381
   19221
   19218
   19265
   19439
   19215
   19501
   19640
   19260
   19266
   19310
   19549
   19362
   19527
   19363
   19542
   19251
   19128
   19861
   19557
   19861
   19713
   19970
   19981
   19787
   19680
   19482
   19546
   19933
   19305
   19445
   19528
   19155
   19358
   19577
   19516
   19471
   19714
   19421
   19173
   19492
   19667
   19651
   19366
   19550
   19564
   19342
   19524
   19459
   19549
   19499
   19228
   19435
   19519
   19579
   19652
   19493
   19505
   19406
   19661
   19433
   19703
   19516
   19640
   19588
   19524
   19505
   19717
   20496
   22560
   28237
   38606
   52741
   64166
   65787
   56617
   42280
   29808
   22801
   20016
   18983
   19051
   18377
   18746
   18234
   18081
   17801
   17493
   17426
   17260
   17293
   17369
   17143
   17041
   17280
   17432
   17553
   17218
   17268
   16741
   16311
   16035
   16077
   15901
   15637
   15595
   15883
   15789
   15647
   16055
   16323
   16671
   16950
   17241
   17140
   16960
   16556
   16273
   15876
   15407
   15185
   15225
   14895
   14919
   14879
   14844
   14773
   14662
   14595
   14843
   14686
   14682
   14837
   14409
   14518
   14471
   14778
   14452
   14370
   14302
   14346
   14626
   14472
   14523
   14519
   14458
   14245
   14148
   14175
   14317
   14311
   14304
   14164
   14249
   14453
   14310
   14108
   14153
   14353
   14323
   14289
   14266
   14014
   14067
   13909
   14119
   14100
   14177
   14153
   14151
   14063
   14093
   13823
   13875
   14009
   13754
   13907
   13670
   13884
   13976
   14112
   14723
   16062
   18814
   21678
   24580
   24489
   22283
   18910
   16187
   14244
   13658
   13831
   13577
   13616
   13623
   13549
   13673
   13690
   13433
   13349
   13578
   13390
   13201
   13432
   13386
   12985
   13299
   13153
   13033
   13022
   13315
   12936
   12813
   12980
   12809
   12872
   12645
   12700
   12678
   12613
   12726
   12567
   12687
   12826
   12635
   12649
   12635
   12594
   12558
   12644
   12555
   12566
   12585
   12491
   12475
   12368
   12490
   12450
   12253
   12375
   12443
   12789
   12904
   13072
   13073
   12843
   12689
   12500
   12267
   12043
   12145
   12300
   12197
   11986
   12197
   11994
   12254
   12094
   12021
   12079
   12026
   12054
   11983
   11824
   11803
   12178
   11854
   11918
   11661
   11763
   11719
   11682
   11706
   11757
   11844
   11814
   11768
   11974
   12335
   12163
   12178
   11864
   11599
   11376
   11442
   11418
   11326
   11349
   11400
   11425
   11516
   11333
   11382
   11235
   11166
   11099
   11257
   10961
   11225
   10920
   11125
   11074
   10742
   11174
   11135
   10975
   11114
   11013
   11223
   10962
   11006
   10841
   10903
   10852
   10972
   10897
   10735
   10849
   10712
   11019
   10753
   10868
   10644
   10558
   10748
   10657
   10628
   10777
   10745
   10769
   10811
   10566
   10581
   10616
   10610
   10436
   10305
   10313
   10241
   10345
   10261
   10254
   10479
   10325
   10405
   10348
   10073
    9778
    9954
   10032
    9893
    9979
   10074
    9992
    9877
    9911
    9920
    9847
   10063
    9818
    9926
    9913
    9759
    9735
    9668
    9616
    9690
    9683
    9589
    9638
    9641
    9499
    9678
    9550
    9407
    9665
    9671
    9485
    9603
    9455
    9564
    9348
    9269
    9422
    9374
    9554
    9397
    9512
    9177
    9543
    9364
    9221
    9362
    9303
    9168
    9256
    9110
    9212
    9279
    9163
    9133
    9152
    9153
    9234
    9147
    9199
    9107
    9073
    9170
    9101
    9099
    9121
    9087
    9244
    9120
    9075
    9157
    9051
    8826
    8943
    9075
    8904
    8844
    8961
    8671
    8958
    8718
    8753
    8864
    8727
    9039
    9292
   10474
   13438
   19055
   27217
   35186
   39075
   36277
   28759
   20106
   13992
   10643
    9502
    9244
    9032
    8884
    8844
    8682
    8590
    8777
    8727
    8950
    9491
   10582
   11996
   13652
   14362
   13946
   12095
   10668
    9582
    8842
    8475
    8529
    8514
    8475
    8354
    8481
    8405
    8411
    8246
    8636
    8526
    8567
    8547
    8414
    8451
    8338
    8381
    8428
    8278
    8287
    8375
    8466
    8439
    8307
    8355
    8405
    8467
    8291
    8339
    8389
    8507
    8573
    9477
   11022
   13331
   15979
   17740
   17625
   15567
   12813
   10314
    8818
    8694
    8638
    8402
    8244
    8237
    8496
    9209
   10582
   13455
   17805
   22451
   25013
   23971
   20001
   15514
   11556
    9531
    8383
    8254
    8346
    8161
    8061
    8223
    8131
    8142
    8142
    8251
    8160
    8221
    8134
    8398
    8368
    8159
    8173
    8085
    8269
    8115
    8197
    8261
    8305
    8591
    8754
    8980
    9192
    9342
    9465
    9650
    9594
    9640
    9596
    9341
    9067
    8806
    8503
    8561
    8749
    8919
    8808
    8819
    8625
    8385
    8200
    8066
    7818
    8049
    7947
    7841
    7921
    7836
    7847
    8072
    8064
    7834
    7921
    7860
    7807
    7874
    7970
    7895
    8024
    7940
    8025
    8133
    8094
    8044
    7854
    7980
    7836
    7916
    7944
    7868
    7713
    7838
    7874
    7862
    7826
    7930
    7845
    7905
    7942
    7801
    7762
    8087
    7791
    7955
    7875
    7805
    7691
    7700
    7749
    7894
    7556
    7844
    7765
    7810
    7739
    7783
    7761
    8004
    7688
    7948
    7828
    7728
    7857
    7940
    8035
    7806
    8005
    7965
    7932
    8060
    8003
    8200
    8041
    8183
    8342
    8397
    8473
    8661
    8980
    9549
   10722
   13486
   20416
   39882
   86087
  175398
  306929
  441930
  520774
  494215
  378085
  233593
  118885
   52300
   23761
   14484
   12231
   11652
   10900
   10038
    9189
    8346
    7971
    7395
    7357
    6919
    6769
    6482
    6259
    6057
    6218
    6115
    5975
    6032
    6122
    6086
    6016
    5930
    5855
    5979
    5936
    5920
    5940
    6049
    5941
    5904
    5851
    5850
    5711
    5764
    5911
    5890
    5951
    5880
    6062
    6091
    6193
    6258
    6055
    6215
    5915
    5917
    5904
    5896
    5950
    5755
    5809
    5860
    5755
    5951
    5949
    5772
    5913
    5844
    5819
    5942
    5857
    5851
    5813
    5787
    5811
    5938
    5756
    5781
    5734
    5819
    5876
    5785
    5984
    6027
    5855
    5975
    5881
    5985
    6226
    6201
    6417
    6997
    7770
    8238
    8503
    8137
    7426
    6860
    6309
    6190
    5935
    6133
    6066
    6053
    6037
    6355
    6589
    6918
    7340
    7190
    7051
    6599
    6387
    6094
    6054
    5970
    5895
    5984
    5937
    5996
    5944
    5933
    6026
    6594
    7543
    9596
   12986
   16748
   19884
   19937
   17755
   13860
   10355
    7853
    6823
    6753
    6927
    7182
    7271
    7132
    6875
    6461
    6244
    6017
    5907
    5887
    5861
    5793
    5772
    5850
    5713
    5813
    5726
    5818
    5642
    5752
    5685
    5780
    5625
    5728
    5822
    5682
    5775
    5886
    5765
    5801
    5762
    5766
    5715
    5710
    5787
    5693
    5837
    5767
    5824
    5749
    5828
    5725
    5798
    5970
    5895
    5938
    5916
    5834
    5696
    5849
    5840
    5877
    5643
    5693
    5698
    5700
    5633
    5766
    5655
    5749
    5647
    5681
    5706
    5710
    5816
    6035
    6624
    7117
    8064
    8275
    8415
    7654
    6916
    6233
    5677
    5589
    5614
    5667
    5929
    6492
    6967
    7567
    7767
    7213
    6653
    6083
    5460
    5216
    5206
    5144
    5028
    4945
    5023
    4963
    4911
    5197
    5111
    5135
    5094
    5104
    5055
    4862
    4733
    4879
    4884
    4845
    4876
    4826
    4758
    4884
    4894
    4798
    4804
    4963
    4986
    4992
    5185
    5213
    5284
    5183
    4859
    4765
    4974
    4798
    4775
    4719
    4812
    4812
    4734
    4569
    4750
    4717
    4675
    4658
    4620
    4796
    4690
    4605
    4793
    4780
    4789
    4640
    4699
    4656
    4723
    4547
    4761
    4581
    4635
    4582
    4697
    4582
    4652
    4569
    4718
    4706
    4698
    4708
    4729
    4718
    4749
    4736
    4708
    4687
    4584
    4610
    4483
    4464
    4552
    4517
    4585
    4593
    4633
    4675
    4761
    5099
    5350
    5731
    6108
    6219
    6124
    5870
    6088
    6698
    7684
    8812
    9028
    8551
    7521
    6401
    5507
    4944
    4855
    5119
    5578
    6699
    8525
   10543
   12430
   12876
   11929
    9638
    7590
    6186
    5406
    5861
    7486
   10458
   14554
   18201
   20154
   19301
   16236
   12747
    9559
    7876
    7171
    6488
    5937
    5496
    5089
    4769
    4748
    4758
    5050
    5492
    5787
    6378
    6539
    6322
    5903
    5198
    4967
    4671
    4616
    4453
    4385
    4560
    4369
    4380
    4424
    4421
    4491
    4461
    4491
    4484
    4532
    4633
    4561
    4658
    4699
    4600
    4434
    4447
    4499
    4485
    4504
    4312
    4163
    4341
    4396
    4305
    4378
    4179
    4249
    4331
    4407
    4260
    4288
    4180
    4289
    4296
    4236
    4215
    4181
    4347
    4176
    4330
    4520
    5010
    5486
    6709
    8092
    9220
    9779
    8913
    7611
    6240
    5175
    4605
    4323
    4360
    4415
    4527
    4765
    4821
    4607
    4441
    4351
    4106
    4081
    3946
    4075
    4069
    4215
    4420
    5010
    6058
    6992
    8059
    8232
    7506
    6414
    5331
    4638
    4131
    3993
    4043
    3963
    3984
    3868
    3859
    3911
    3817
    3944
    4021
    4204
    4431
    4886
    5051
    5026
    4849
    4569
    4224
    3974
    3766
    3917
    3911
    3652
    3741
    3851
    3781
    3658
    3760
    3751
    3709
    3699
    3727
    3721
    3669
    3703
    3681
    3680
    3626
    3602
    3788
    3693
    3783
    3588
    3617
    3612
    3629
    3808
    3647
    3665
    3557
    3622
    3681
    3621
    3670
    3567
    3700
    3618
    3500
    3688
    3678
    3617
    3876
    3857
    3637
    3792
    3748
    3834
    3719
    3920
    4337
    5272
    6583
    8253
    9503
    9975
    9271
    7565
    6015
    4810
    4033
    3783
    3772
    3589
    3608
    3725
    3938
    3963
    4011
    3997
    3894
    3759
    3627
    3515
    3514
    3516
    3392
    3454
    3380
    3431
    3432
    3420
    3430
    3381
    3432
    3551
    3489
    3380
    3382
    3361
    3447
    3453
    3480
    3376
    3430
    3447
    3404
    3547
    3578
    3523
    3739
    3632
    3550
    3611
    3582
    3434
    3512
    3492
    3465
    3515
    3720
    3988
    4267
    4723
    4765
    4708
    4292
    4130
    3936
    3769
    3648
    3638
    3446
    3476
    3432
    3360
    3385
    3292
    3476
    3335
    3376
    3573
    3620
    3818
    4156
    4473
    4573
    4745
    4720
    4525
    4430
    4228
    3979
    3542
    3666
    3448
    3585
    3310
    3276
    3491
    3302
    3325
    3354
    3290
    3282
    3339
    3211
    3257
    3348
    3207
    3353
    3279
    3361
    3512
    3445
    3332
    3267
    3320
    3342
    3297
    3359
    3389
    3276
    3202
    3327
    3287
    3295
    3241
    3262
    3283
    3254
    3281
    3210
    3151
    3304
    3214
    3234
    3264
    3388
    3328
    3291
    3214
    3256
    3301
    3297
    3278
    3253
    3418
    3473
    3497
    3437
    3466
    3506
    3484
    3436
    3491
    3435
    3376
    3370
    3365
    3162
    3158
    3273
    3269
    3123
    3213
    3164
    3222
    3353
    3224
    3255
    3324
    3372
    3311
    3435
    3296
    3497
    3877
    4998
    6860
   10333
   14996
   19102
   20809
   20032
   16312
   12065
    8004
    5460
    4143
    3664
    3401
    3382
    3202
    3262
    3245
    3299
    3183
    3096
    3309
    3167
    3210
    3285
    3233
    3307
    3273
    3183
    3212
    3062
    3144
    3133
    3085
    3063
    3193
    3096
    3058
    3220
    3050
    3165
    3146
    3089
    3103
    3100
    3087
    3095
    3072
    3084
    3012
    3153
    3075
    3109
    3200
    3138
    3162
    2984
    3113
    3091
    3135
    3084
    3064
    3130
    3125
    3199
    3133
    3123
    3077
    3135
    3102
    3145
    3161
    3090
    3186
    3153
    3218
    3066
    3205
    3167
    3304
    3313
    3266
    3372
    3323
    3321
    3348
    3444
    3617
    3772
    4400
    6268
   10552
   19962
   35614
   57219
   79084
   91976
   90570
   75363
   52841
   32032
   17462
    9179
    5753
    4546
    4127
    3995
    3932
    3699
    3618
    3360
    3314
    3248
    3173
    3114
    3069
    2945
    2889
    2875
    2904
    2897
    2995
    2982
    2974
    3006
    2971
    2932
    2957
    2991
    2979
    2822
    3074
    3155
    3117
    3339
    3206
    3095
    3007
    3047
    3016
    3009
    3019
    3010
    3013
    3011
    2982
    3025
    2955
    2959
    2951
    2932
    2846
    2864
    2859
    2854
    2893
    2903
    2917
    2876
    2838
    2945
    2752
    2864
    2936
    2928
    2936
    2800
    2897
    2943
    2863
    2848
    2873
    2813
    2982
    2908
    2943
    2950
    3006
    2997
    2909
    2872
    2852
    2925
    2879
    2937
    2995
    3014
    2850
    2963
    2910
    2849
    2943
    2961
    2798
    2800
    2846
    2898
    2904
    2902
    2975
    2950
    2919
    3060
    3185
    3142
    3212
    3138
    3126
    3105
    3043
    3093
    3123
    3079
    3084
    3026
    2978
    2933
    2930
    2938
    2957
    2925
    2959
    2865
    2964
    2863
    2970
    2910
    2878
    2936
    2987
    2894
    2881
    2939
    2789
    2864
    2900
    2907
    2838
    2948
    2905
    2869
    2899
    2839
    2830
    2899
    2891
    2903
    3006
    2981
    2859
    3040
    2971
    2913
    2803
    2910
    2839
    2853
    2877
    2804
    2789
    2947
    2820
    2868
    2842
    2980
    2852
    2814
    2846
    2806
    3002
    2953
    2992
    3002
    3002
    2881
    2860
    2885
    2862
    2969
    2921
    2857
    2937
    3055
    3019
    3160
    3388
    3644
    4016
    4610
    4641
    4629
    4404
    4021
    3486
    3190
    3034
    3056
    2990
    3020
    2992
    3062
    3025
    3000
    2956
    3019
    3020
    3199
    3519
    4406
    5949
    8411
   11235
   13634
   14476
   13772
   11340
    8319
    6013
    4325
    3547
    3221
    3080
    2919
    2987
    3065
    2978
    2936
    2903
    2955
    2870
    2810
    3059
    2846
    2943
    2901
    2817
    2821
    2838
    2909
    2879
    2780
    2957
    2899
    2796
    2829
    2912
    2869
    2904
    2951
    2867
    2853
    2883
    2852
    2768
    2972
    2893
    2815
    2897
    2923
    2967
    2704
    2873
    2849
    2935
    2962
    2936
    2941
    2912
    2901
    2918
    2806
    2869
    3017
    2924
    3080
    3057
    3195
    3345
    3569
    3913
    4120
    3934
    3730
    3612
    3276
    3087
    3061
    2874
    2975
    2988
    2947
    2947
    2928
    2904
    2850
    2916
    2807
    2927
    2881
    2849
    2909
    2795
    2890
    2927
    2867
    2790
    2843
    2857
    2902
    2884
    2975
    2954
    2873
    2997
    2970
    3078
    3122
    3147
    3068
    3036
    3065
    3136
    3242
    3214
    3343
    3332
    3245
    3270
    3157
    3006
    2986
    2946
    2825
    2908
    2919
    3060
    3125
    3281
    3517
    3579
    3640
    3594
    3459
    3210
    3224
    3115
    3163
    3148
    3194
    3132
    3025
    2963
    2935
    2927
    2868
    2905
    2931
    2854
    2843
    2844
    2821
    2825
    2832
    2864
    2878
    2893
    2884
    2826
    2886
    2888
    2937
    2832
    2911
    2854
    2895
    2878
    2926
    2849
    2816
    2889
    2934
    2950
    2789
    2884
    2913
    2838
    2936
    2876
    2917
    2810
    2897
    2840
    2842
    2891
    2876
    2850
    2938
    2916
    2823
    2851
    2920
    2801
    2962
    2859
    2941
    2832
    2864
    2929
    2776
    2914
    2910
    2915
    2917
    2829
    2968
    2907
    2818
    2857
    2834
    2842
    2964
    2879
    2973
    2869
    2793
    2906
    2857
    2863
    3016
    2982
    2917
    2849
    2976
    2851
    2923
    2833
    2969
    2962
    2978
    2983
    2990
    3224
    3331
    3535
    3546
    3445
    3442
    3425
    3438
    3215
    3133
    3071
    2929
    2931
    2953
    2883
    2964
    2823
    2926
    2892
    2816
    2932
    2858
    2819
    2908
    2820
    2826
    2798
    2802
    2826
    2843
    2812
    2908
    2892
    2773
    2777
    2790
    2760
    2809
    2833
    2909
    2758
    2877
    2872
    2889
    2938
    2951
    2952
    2911
    2969
    2805
    2803
    2812
    2853
    2848
    2908
    2808
    2864
    2807
    2814
    2767
    2803
    2915
    2801
    2822
    2879
    2874
    2938
    2845
    2908
    2826
    2884
    2770
    2848
    2795
    2799
    2844
    2823
    2810
    2839
    2881
    2940
    2863
    2842
    2928
    2807
    2874
    2738
    2781
    2738
    2776
    2872
    2831
    2779
    2810
    2747
    2727
    2820
    2762
    2744
    2813
    2732
    2785
    2723
    2732
    2763
    2697
    2729
    2675
    2701
    2648
    2644
    2701
    2667
    2650
    2601
    2553
    2634
    2642
    2584
    2567
    2664
    2672
    2579
    2539
    2509
    2486
    2582
    2534
    2646
    2544
    2462
    2566
    2603
    2551
    2542
    2576
    2623
    2535
    2568
    2520
    2504
    2537
    2595
    2539
    2431
    2568
    2520
    2456
    2540
    2411
    2483
    2553
    2626
    2560
    2602
    2553
    2631
    2548
    2608
    2486
    2550
    2442
    2543
    2607
    2615
    2541
    2468
    2472
    2531
    2525
    2465
    2621
    2529
    2461
    2463
    2385
    2572
    2441
    2465
    2450
    2478
    2426
    2484
    2497
    2470
    2541
    2525
    2521
    2438
    2418
    2475
    2486
    2491
    2556
    2513
    2574
    2676
    2731
    2749
    2773
    2632
    2729
    2516
    2478
    2467
    2456
    2538
    2381
    2459
    2467
    2557
    2538
    2525
    2585
    2689
    2661
    2589
    2503
    2469
    2473
    2481
    2420
    2514
    2430
    2453
    2480
    2519
    2556
    2506
    2477
    2481
    2421
    2433
    2374
    2439
    2447
    2444
    2447
    2513
    2486
    2413
    2401
    2378
    2400
    2414
    2349
    2424
    2429
    2378
    2342
    2430
    2412
    2526
    2414
    2469
    2478
    2446
    2427
    2476
    2485
    2420
    2495
    2366
    2333
    2419
    2406
    2442
    2433
    2425
    2419
    2357
    2426
    2439
    2448
    2322
    2416
    2341
    2487
    2245
    2398
    2344
    2375
    2387
    2351
    2360
    2480
    2381
    2362
    2404
    2321
    2403
    2409
    2438
    2361
    2422
    2451
    2325
    2481
    2439
    2513
    2413
    2356
    2410
    2455
    2444
    2498
    2565
    2653
    2696
    2604
    2605
    2603
    2611
    2408
    2425
    2419
    2371
    2332
    2357
    2434
    2387
    2375
    2360
    2337
    2282
    2379
    2425
    2394
    2371
    2367
    2360
    2328
    2343
    2382
    2434
    2401
    2296
    2263
    2303
    2356
    2367
    2324
    2401
    2399
    2424
    2312
    2360
    2288
    2386
    2327
    2244
    2265
    2315
    2265
    2310
    2410
    2240
    2250
    2214
    2265
    2303
    2315
    2265
    2340
    2232
    2376
    2331
    2293
    2263
    2326
    2202
    2253
    2275
    2317
    2255
    2214
    2258
    2290
    2260
    2310
    2294
    2284
    2301
    2312
    2255
    2230
    2282
    2236
    2221
    2339
    2275
    2321
    2282
    2383
    2244
    2288
    2298
    2208
    2283
    2231
    2314
    2270
    2413
    2442
    2412
    2429
    2376
    2377
    2393
    2371
    2392
    2316
    2236
    2257
    2241
    2248
    2310
    2318
    2340
    2226
    2232
    2296
    2232
    2329
    2303
    2378
    2405
    2356
    2442
    2457
    2628
    2750
    3061
    3527
    4246
    5459
    7165
    8768
   10440
   12025
   12793
   12955
   12210
   11108
    9281
    7391
    5928
    4724
    3724
    3255
    2902
    2744
    2610
    2612
    2675
    2622
    2670
    2667
    2615
    2674
    2625
    2484
    2380
    2381
    2216
    2272
    2370
    2336
    2281
    2360
    2326
    2245
    2453
    2449
    2662
    3196
    4042
    5160
    6557
    7544
    7902
    7614
    6566
    5460
    4171
    3215
    2760
    2567
    2376
    2346
    2370
    2358
    2346
    2183
    2310
    2248
    2317
    2239
    2307
    2254
    2291
    2203
    2290
    2331
    2237
    2232
    2207
    2248
    2243
    2333
    2267
    2286
    2281
    2308
    2287
    2217
    2249
    2276
    2165
    2294
    2216
    2234
    2193
    2326
    2267
    2332
    2275
    2212
    2274
    2235
    2212
    2194
    2333
    2388
    2233
    2254
    2307
    2309
    2280
    2291
    2300
    2289
    2277
    2315
    2147
    2243
    2406
    2240
    2341
    2350
    2381
    2373
    2345
    2405
    2316
    2334
    2325
    2357
    2371
    2270
    2312
    2362
    2276
    2268
    2239
    2246
    2238
    2323
    2292
    2284
    2299
    2255
    2282
    2260
    2375
    2269
    2213
    2269
    2335
    2277
    2315
    2298
    2380
    2290
    2254
    2214
    2309
    2315
    2224
    2321
    2283
    2191
    2313
    2206
    2204
    2342
    2208
    2242
    2284
    2202
    2206
    2340
    2263
    2241
    2257
    2332
    2254
    2229
    2301
    2312
    2369
    2351
    2339
    2294
    2266
    2249
    2245
    2288
    2283
    2252
    2354
    2225
    2373
    2249
    2241
    2296
    2269
    2200
    2377
    2343
    2415
    2299
    2260
    2236
    2342
    2304
    2374
    2244
    2322
    2305
    2175
    2292
    2236
    2402
    2278
    2315
    2316
    2357
    2282
    2321
    2320
    2267
    2309
    2310
    2333
    2343
    2304
    2303
    2233
    2293
    2274
    2239
    2308
    2260
    2346
    2335
    2303
    2346
    2301
    2454
    2376
    2421
    2496
    2540
    2446
    2430
    2387
    2411
    2427
    2435
    2386
    2251
    2323
    2385
    2301
    2389
    2447
    2408
    2344
    2363
    2441
    2296
    2428
    2383
    2550
    2685
    3094
    3801
    5287
    8097
   11894
   16934
   21548
   24580
   24636
   22206
   17431
   12572
    8363
    5417
    3801
    3047
    2810
    2620
    2699
    2549
    2552
    2411
    2469
    2334
    2473
    2426
    2374
    2357
    2284
    2405
    2335
    2375
    2361
    2280
    2343
    2318
    2331
    2375
    2248
    2335
    2238
    2290
    2243
    2254
    2330
    2295
    2262
    2280
    2277
    2293
    2332
    2301
    2222
    2190
    2398
    2383
    2418
    2330
    2393
    2377
    2370
    2410
    2362
    2392
    2256
    2255
    2229
    2289
    2309
    2279
    2340
    2246
    2239
    2242
    2264
    2308
    2366
    2326
    2371
    2255
    2295
    2254
    2276
    2301
    2292
    2249
    2398
    2268
    2331
    2282
    2287
    2401
    2322
    2274
    2310
    2338
    2318
    2230
    2276
    2253
    2318
    2313
    2334
    2313
    2266
    2305
    2303
    2255
    2390
    2324
    2296
    2328
    2298
    2323
    2365
    2322
    2305
    2296
    2258
    2322
    2264
    2359
    2289
    2306
    2393
    2292
    2409
    2298
    2263
    2361
    2207
    2388
    2366
    2300
    2283
    2328
    2342
    2315
    2383
    2376
    2365
    2312
    2333
    2348
    2279
    2322
    2348
    2387
    2376
    2317
    2390
    2392
    2357
    2470
    2385
    2410
    2448
    2443
    2434
    2430
    2392
    2395
    2375
    2341
    2360
    2400
    2424
    2431
    2384
    2415
    2467
    2468
    2436
    2361
    2442
    2362
    2465
    2331
    2331
    2416
    2364
    2365
    2440
    2341
    2376
    2479
    2362
    2477
    2408
    2318
    2333
    2376
    2522
    2323
    2458
    2430
    2476
    2397
    2413
    2487
    2373
    2488
    2409
    2383
    2506
    2478
    2407
    2475
    2469
    2396
    2438
    2452
    2447
    2454
    2470
    2404
    2428
    2493
    2409
    2428
    2476
    2462
    2448
    2404
    2416
    2426
    2470
    2515
    2407
    2441
    2466
    2424
    2581
    2405
    2538
    2708
    2766
    3038
    3318
    3699
    3729
    3745
    3769
    3304
    3160
    2924
    2719
    2599
    2560
    2475
    2465
    2447
    2567
    2528
    2477
    2434
    2438
    2592
    2431
    2413
    2487
    2486
    2499
    2469
    2467
    2422
    2420
    2464
    2478
    2489
    2446
    2517
    2451
    2510
    2490
    2496
    2485
    2470
    2424
    2506
    2533
    2518
    2482
    2540
    2460
    2533
    2573
    2431
    2481
    2553
    2467
    2550
    2532
    2449
    2521
    2618
    2567
    2599
    2629
    2501
    2483
    2583
    2604
    2607
    2537
    2605
    2627
    2517
    2614
    2570
    2607
    2555
    2577
    2557
    2599
    2533
    2547
    2592
    2507
    2546
    2436
    2531
    2592
    2571
    2668
    2521
    2612
    2582
    2587
    2570
    2726
    2539
    2573
    2605
    2637
    2666
    2612
    2689
    2717
    2683
    2594
    2698
    2582
    2757
    2679
    2625
    2632
    2669
    2599
    2654
    2602
    2609
    2621
    2660
    2722
    2619
    2641
    2706
    2563
    2670
    2664
    2606
    2627
    2629
    2591
    2657
    2606
    2645
    2765
    2707
    2714
    2543
    2728
    2725
    2618
    2608
    2642
    2652
    2778
    2720
    2723
    2783
    2698
    2588
    2782
    2677
    2741
    2779
    2846
    2778
    2649
    2810
    2734
    2808
    2774
    2764
    2815
    2670
    2606
    2739
    2843
    2762
    2774
    2678
    2756
    2787
    2774
    2780
    2781
    2820
    2815
    2753
    2788
    2689
    2816
    2743
    2797
    2766
    2803
    2760
    2736
    2785
    2759
    2880
    2777
    2775
    2959
    2689
    2856
    2768
    2828
    2786
    2865
    2832
    2773
    2844
    2831
    2948
    2866
    2841
    2866
    2824
    2832
    2770
    2931
    2744
    2751
    2869
    2879
    2802
    2705
    2719
    2815
    2834
    2789
    2780
    2722
    2783
    2763
    2652
    2713
    2755
    2684
    2678
    2676
    2695
    2587
    2659
    2523
    2537
    2408
    2438
    2432
    2410
    2276
    2355
    2341
    2271
    2227
    2158
    2172
    2150
    2129
    2114
    2048
    2006
    2096
    2061
    2090
    2114
    2048
    2002
    2098
    1967
    2096
    1946
    2069
    1968
    1983
    1930
    1880
    1970
    1983
    2001
    1878
    1933
    1879
    1853
    1903
    1870
    1912
    1955
    1961
    1955
    1979
    1882
    1846
    1843
    1820
    1855
    1834
    1895
    1919
    1845
    1857
    1889
    1790
    1825
    1838
    1881
    1913
    1854
    1778
    1804
    1821
    1865
    1861
    1818
    1827
    1816
    1802
    1863
    1822
    1749
    1835
    1784
    1703
    1765
    1832
    1770
    1801
    1837
    1813
    1746
    1823
    1782
    1753
    1756
    1783
    1718
    1762
    1720
    1723
    1741
    1727
    1715
    1726
    1752
    1747
    1684
    1678
    1686
    1690
    1721
    1771
    1665
    1726
    1702
    1681
    1753
    1735
    1706
    1737
    1744
    1749
    1767
    1708
    1661
    1636
    1588
    1628
    1672
    1636
    1665
    1654
    1653
    1698
    1704
    1596
    1648
    1639
    1599
    1743
    1671
    1611
    1648
    1594
    1719
    1665
    1661
    1568
    1631
    1614
    1620
    1539
    1584
    1633
    1648
    1616
    1586
    1561
    1513
    1589
    1576
    1575
    1583
    1538
    1630
    1566
    1565
    1554
    1559
    1582
    1504
    1682
    1696
    1816
    1949
    2372
    2982
    4077
    5280
    6516
    7504
    7674
    7416
    6336
    5075
    3844
    2855
    2200
    1924
    1644
    1555
    1475
    1511
    1429
    1521
    1521
    1510
    1450
    1434
    1365
    1395
    1407
    1525
    1373
    1388
    1360
    1397
    1371
    1399
    1366
    1390
    1392
    1362
    1337
    1323
    1294
    1325
    1405
    1330
    1315
    1356
    1294
    1276
    1271
    1300
    1377
    1217
    1240
    1234
    1236
    1216
    1332
    1321
    1340
    1246
    1246
    1329
    1273
    1254
    1231
    1281
    1231
    1241
    1171
    1211
    1221
    1179
    1166
    1213
    1151
    1150
    1166
    1172
    1175
    1181
    1223
    1215
    1103
    1187
    1193
    1143
    1120
    1097
    1121
    1110
    1136
    1111
    1077
    1081
    1078
    1154
    1087
    1173
    1101
    1062
    1019
    1047
    1050
    1039
    1015
    1037
    1000
    1008
    1050
    1027
    1021
    1000
     987
    1018
     953
     983
     981
    1012
    1047
     975
     970
     946
     939
     970
     911
     952
     901
     966
     953
     935
     981
     912
     904
     932
     883
     887
     907
     839
     903
     796
     885
     870
     818
     870
     849
     857
     829
     803
     813
     794
     823
     835
     807
     890
     849
     756
     810
     847
     803
     792
     828
     786
     763
     804
     782
     747
     767
     730
     793
     770
     753
     736
     745
     765
     745
     743
     729
     688
     690
     747
     671
     711
     694
     686
     701
     685
     704
     692
     684
     680
     713
     634
     702
     672
     651
     735
     666
     648
     630
     669
     677
     637
     623
     651
     663
     642
     653
     654
     653
     646
     630
     635
     606
     608
     608
     601
     582
     590
     624
     580
     623
     624
     584
     556
     591
     615
     599
     625
     556
     622
     547
     573
     595
     563
     592
     585
     594
     580
     589
     544
     568
     584
     556
     554
     577
     561
     580
     591
     584
     526
     599
     621
     577
     580
     575
     634
     554
     617
     625
     627
     644
     658
     739
     674
     674
     703
     747
     609
     592
     573
     581
     566
     546
     524
     527
     485
     495
     555
     540
     545
     560
     541
     504
     550
     507
     496
     546
     523
     526
     466
     523
     503
     516
     518
     484
     507
     519
     539
     499
     529
     518
     464
     486
     504
     502
     522
     518
     467
     504
     520
     489
     552
     482
     518
     466
     494
     474
     481
     471
     474
     500
     504
     445
     458
     500
     502
     490
     493
     508
     517
     509
     493
     501
     491
     477
     473
     483
     486
     515
     457
     479
     505
     476
     503
     474
     490
     490
     489
     484
     444
     476
     450
     475
     461
     462
     486
     478
     424
     437
     455
     479
     471
     479
     503
     450
     506
     456
     454
     455
     493
     481
     447
     437
     439
     479
     475
     518
     471
     478
     433
     449
     473
     445
     474
     448
     519
     443
     485
     435
     472
     436
     409
     445
     464
     429
     486
     428
     442
     424
     473
     445
     427
     480
     433
     477
     492
     489
     507
     492
     518
     495
     492
     527
     491
     539
     525
     522
     557
     579
     506
     584
     538
     590
     594
     669
     656
     741
     735
     816
     870
     983
    1290
    1759
    2661
    4649
    8441
   15070
   25934
   40834
   58707
   75070
   87460
   89861
   82770
   68299
   50377
   33278
   19985
   11070
    5970
    3289
    2085
    1546
    1273
    1072
     905
     752
     650
     602
     520
     468
     414
     387
     325
     344
     287
     280
     286
     286
     298
     306
     288
     270
     276
     296
     273
     262
     293
     281
     252
     280
     287
     267
     272
     259
     265
     273
     239
     232
     241
     239
     256
     269
     247
     244
     273
     266
     223
     263
     276
     252
     269
     270
     264
     256
     278
     265
     258
     262
     244
     222
     258
     254
     261
     247
     264
     238
     241
     259
     246
     249
     263
     260
     218
     275
     241
     276
     239
     257
     276
     268
     251
     224
     267
     242
     262
     280
     237
     264
     258
     276
     264
     268
     265
     267
     268
     248
     275
     250
     248
     294
     269
     252
     274
     246
     243
     285
     258
     244
     250
     236
     250
     265
     269
     241
     256
     238
     217
     248
     255
     261
     227
     234
     240
     262
     246
     257
     257
     277
     268
     252
     265
     256
     244
     256
     230
     262
     256
     248
     241
     248
     252
     233
     255
     268
     238
     235
     252
     262
     234
     220
     224
     262
     214
     228
     247
     238
     241
     242
     250
     228
     217
     233
     263
     222
     204
     251
     253
     234
     234
     217
     243
     265
     241
     220
     237
     268
     257
     247
     262
     245
     274
     252
     260
     283
     285
     262
     246
     257
     270
     248
     280
     228
     253
     244
     246
     274
     302
     299
     303
     339
     361
     322
     314
     298
     282
     236
     271
     254
     253
     235
     251
     277
     250
     235
     260
     218
     231
     256
     222
     212
     226
     237
     221
     193
     256
     215
     232
     201
     207
     216
     227
     238
     224
     220
     241
     225
     245
     220
     219
     203
     241
     218
     225
     230
     265
     228
     230
     246
     233
     200
     235
     236
     236
     259
     258
     227
     232
     221
     225
     256
     198
     240
     253
     230
     236
     216
     232
     233
     248
     224
     229
     249
     230
     209
     211
     238
     235
     218
     219
     233
     228
     244
     263
     239
     238
     261
     249
     247
     237
     222
     288
     224
     243
     260
     230
     239
     243
     245
     230
     242
     209
     222
     224
     228
     246
     239
     217
     217
     236
     274
     223
     259
     198
     221
     217
     241
     212
     251
     225
     227
     219
     211
     225
     237
     213
     228
     218
     222
     248
     220
     254
     243
     258
     226
     238
     227
     220
     227
     246
     231
     222
     213
     235
     233
     223
     215
     226
     223
     212
     243
     248
     248
     281
     259
     248
     311
     309
     271
     266
     243
     231
     232
     243
     244
     236
     228
     224
     215
     231
     219
     224
     214
     210
     223
     239
     223
     210
     221
     226
     227
     235
     221
     231
     212
     225
     213
     210
     220
     222
     223
     246
     252
     258
     264
     261
     293
     321
     303
     312
     287
     262
     237
     249
     196
     212
     204
     203
     211
     229
     202
     216
     206
     231
     203
     207
     217
     216
     203
     234
     230
     223
     228
     227
     225
     196
     206
     214
     234
     235
     224
     235
     230
     227
     220
     201
     236
     247
     237
     253
     250
     247
     222
     211
     206
     222
     202
     229
     247
     205
     237
     222
     206
     222
     239
     206
     224
     220
     251
     197
     209
     233
     229
     214
     243
     203
     228
     217
     227
     218
     231
     221
     203
     210
     195
     223
     228
     215
     233
     176
     220
     227
     205
     223
     223
     234
     223
     207
     194
     229
     204
     205
     231
     225
     195
     207
     225
     227
     212
     219
     217
     199
     218
     201
     215
     232
     187
     201
     209
     215
     230
     193
     219
     204
     211
     212
     229
     230
     210
     198
     217
     231
     233
     223
     207
     221
     205
     218
     247
     222
     223
     209
     246
     232
     213
     208
     212
     203
     196
     216
     201
     208
     195
     214
     218
     230
     224
     199
     219
     212
     233
     192
     212
     205
     228
     205
     205
     222
     214
     217
     196
     216
     217
     232
     192
     221
     216
     241
     199
     204
     202
     210
     205
     206
     193
     233
     215
     202
     191
     213
     203
     208
     202
     198
     211
     239
     200
     225
     202
     229
     214
     218
     204
     198
     218
     204
     219
     194
     226
     198
     199
     190
     197
     229
     175
     223
     207
     226
     207
     204
     197
     202
     222
     219
     211
     235
     220
     202
     209
     211
     193
     228
     196
     216
     210
     197
     209
     210
     211
     207
     198
     188
     200
     204
     196
     180
     219
     206
     198
     207
     213
     223
     213
     224
     210
     205
     215
     236
     203
     221
     209
     213
     235
     206
     205
     191
     213
     222
     183
     193
     206
     207
     213
     188
     208
     195
     208
     194
     225
     180
     211
     198
     209
     213
     214
     198
     216
     224
     218
     224
     205
     229
     225
     229
     193
     261
     256
     265
     228
     211
     201
     232
     220
     213
     232
     237
     209
     201
     206
     227
     219
     213
     196
     223
     230
     218
     180
     194
     213
     224
     186
     221
     202
     215
     203
     217
     210
     231
     221
     222
     229
     214
     250
     204
     183
     206
     209
     195
     218
     224
     192
     185
     187
     189
     208
     198
     201
     219
     192
     187
     186
     224
     219
     197
     190
     203
     203
     193
     223
     185
     189
     189
     195
     191
     199
     208
     231
     197
     210
     220
     221
     223
     230
     217
     212
     190
     213
     205
     176
     187
     196
     213
     208
     206
     202
     190
     201
     184
     197
     214
     199
     202
     210
     189
     194
     206
     204
     195
     198
     250
     246
     241
     261
     231
     277
     260
     249
     219
     212
     229
     215
     212
     206
     179
     215
     193
     185
     186
     186
     179
     213
     208
     203
     204
     222
     208
     194
     196
     209
     208
     189
     213
     176
     226
     220
     229
     203
     204
     209
     181
     188
     216
     175
     216
     197
     214
     206
     192
     168
     189
     199
     206
     185
     196
     220
     186
     220
     214
     182
     217
     202
     184
     196
     204
     221
     209
     184
     203
     210
     199
     166
     199
     195
     197
     190
     214
     186
     225
     181
     198
     210
     192
     200
     206
     160
     165
     216
     210
     211
     235
     203
     198
     191
     213
     186
     226
     195
     196
     183
     195
     187
     208
     200
     223
     215
     190
     168
     182
     227
     196
     198
     211
     212
     178
     192
     212
     212
     160
     171
     197
     184
     204
     181
     198
     203
     178
     204
     198
     183
     182
     193
     153
     220
     206
     202
     192
     186
     192
     196
     176
     210
     200
     192
     196
     192
     202
     213
     228
     212
     251
     229
     233
     234
     231
     255
     243
     238
     215
     214
     218
     191
     191
     220
     206
     219
     191
     210
     186
     215
     201
     199
     196
     198
     196
     189
     201
     224
     185
     206
     178
     184
     185
     185
     186
     204
     218
     190
     197
     176
     184
     201
     188
     173
     213
     193
     208
     209
     187
     202
     189
     222
     191
     211
     201
     204
     226
     205
     230
     253
     233
     224
     210
     219
     203
     172
     210
     169
     200
     194
     205
     211
     187
     215
     192
     195
     178
     209
     203
     200
     208
     174
     195
     205
     201
     217
     213
     195
     219
     184
     179
     196
     192
     221
     197
     186
     186
     219
     199
     229
     197
     179
     214
     183
     194
     159
     206
     196
     188
     162
     202
     187
     194
     189
     209
     200
     175
     208
     211
     187
     179
     196
     183
     183
     187
     188
     199
     219
     197
     184
     195
     213
     173
     165
     186
     170
     192
     203
     177
     192
     197
     174
     171
     192
     180
     192
     205
     181
     221
     188
     181
     201
     161
     181
     200
     197
     206
     193
     192
     200
     166
     189
     196
     203
     180
     168
     184
     196
     159
     183
     187
     191
     212
     175
     180
     168
     185
     222
     191
     178
     197
     173
     177
     184
     182
     174
     190
     188
     195
     171
     180
     206
     198
     204
     194
     195
     218
     243
     261
     258
     267
     270
     243
     223
     229
     223
     186
     210
     171
     165
     176
     181
     195
     183
     190
     172
     184
     186
     208
     160
     187
     199
     207
     194
     191
     173
     201
     196
     197
     182
     157
     177
     179
     187
     167
     184
     190
     177
     197
     176
     186
     185
     176
     184
     172
     204
     187
     191
     196
     185
     188
     184
     201
     204
     200
     181
     171
     211
     196
     156
     199
     186
     189
     167
     190
     156
     193
     163
     187
     180
     204
     184
     203
     185
     203
     217
     212
     196
     183
     194
     193
     190
     188
     194
     187
     175
     189
     202
     191
     184
     196
     200
     181
     193
     192
     177
     183
     180
     157
     180
     192
     171
     199
     196
     177
     192
     185
     206
     182
     181
     187
     164
     167
     152
     175
     208
     211
     207
     159
     180
     177
     166
     170
     169
     188
     190
     185
     165
     191
     197
     179
     170
     182
     167
     166
     175
     177
     200
     182
     187
     173
     162
     185
     175
     194
     161
     168
     201
     173
     180
     183
     185
     195
     183
     170
     168
     152
     188
     162
     185
     171
     175
     178
     174
     194
     184
     172
     186
     165
     177
     200
     152
     165
     187
     174
     169
     168
     175
     189
     164
     197
     176
     197
     205
     199
     197
     218
     194
     238
     180
     164
     204
     146
     171
     184
     157
     156
     179
     169
     191
     201
     166
     188
     196
     161
     176
     172
     197
     165
     190
     171
     179
     176
     190
     189
$ENER_FIT:
0.3825764 -0.5017375